10.2931;629
10.2932;629
10.2932;629
10.2932;629
10.2932;630
10.2932;629
10.2933;630
10.2933;629
10.2933;629
10.2933;630
10.2933;629
10.2934;630
10.2934;629
10.2934;629
10.2934;629
10.2935;629
10.2935;629
10.2935;629
10.2935;630
10.2935;630
10.2936;629
10.2936;629
10.2936;629
10.2936;629
10.2936;629
10.2937;630
10.2937;629
10.2937;629
10.2937;629
10.2937;630
10.2938;630
10.2938;630
10.2938;629
10.2938;629
10.2938;629
10.2939;628
10.2939;629
10.2939;629
10.2939;629
10.2939;629
10.2940;629
10.2940;629
10.2940;630
10.2940;629
10.2940;630
10.2941;629
10.2941;629
10.2941;629
10.2941;629
10.2941;630
10.2942;629
10.2942;630
10.2942;630
10.2942;630
10.2942;629
10.2943;629
10.2943;630
10.2943;630
10.2943;630
10.2943;630
10.2944;630
12.97;591
12.98;591
12.98;591
12.98;591
12.98;591
12.98;592
12.99;592
12.99;591
12.99;591
12.99;591
12.99;591
12.910;592
12.910;591
12.910;591
12.910;591
12.910;592
12.911;592
12.911;591
12.911;591
12.911;591
12.911;591
12.912;592
12.912;591
12.912;592
12.912;592
12.912;591
12.913;592
12.913;591
12.913;591
12.913;591
12.913;592
12.914;591
12.914;592
12.914;591
12.914;591
12.914;592
12.915;591
12.915;591
12.915;592
12.915;591
12.915;592
12.916;591
12.916;592
12.916;591
12.916;591
12.916;592
12.917;591
12.917;591
12.917;591
12.917;591
12.917;591
12.918;591
12.918;592
12.918;591
12.918;591
12.918;591
12.919;591
12.919;591
12.919;592
12.919;591
12.920;591
12.920;591
12.920;592
12.920;591
12.920;591
12.921;591
12.921;592
12.921;591
12.921;591
12.922;592
12.922;591
12.922;592
12.922;592
12.922;591
12.923;591
12.923;592
12.923;591
12.923;591
12.923;591
12.924;591
12.924;591
12.924;591
12.924;591
12.924;592
12.925;591
12.925;592
12.925;592
12.925;592
12.925;591
12.926;592
12.926;592
12.926;592
12.926;592
12.926;592
12.927;592
12.927;592
12.927;592
12.927;592
12.927;592
12.928;592
12.928;592
12.928;592
12.928;592
12.928;592
12.929;592
12.929;592
12.929;592
12.929;592
12.929;592
12.930;592
12.930;592
12.930;592
12.930;592
12.930;592
12.931;591
12.931;591
12.931;592
12.931;591
12.931;592
12.932;592
12.932;592
12.932;591
12.932;592
12.932;592
12.933;592
12.933;591
12.933;591
12.933;591
12.933;592
12.934;592
12.934;591
12.934;591
12.934;592
12.934;591
12.935;591
12.935;591
12.935;592
12.935;591
12.935;591
12.936;591
12.936;592
12.936;591
12.936;591
12.936;591
12.937;591
12.937;591
12.937;591
12.937;591
12.937;591
12.938;591
12.938;591
12.938;591
12.938;591
12.938;591
12.939;592
12.939;592
12.939;591
12.939;591
12.939;591
12.940;591
12.940;592
12.940;591
12.940;591
12.940;591
12.941;591
12.941;591
12.941;591
12.941;592
12.941;592
12.942;591
12.942;591
12.942;591
12.942;591
12.942;591
12.943;592
12.943;591
12.943;592
12.943;591
12.943;591
12.944;591
12.944;591
12.944;592
12.944;592
12.944;592
12.945;591
12.945;591
12.945;591
12.945;592
12.945;591
12.946;591
12.946;591
12.946;592
12.946;591
12.946;591
12.947;591
12.947;591
12.947;591
12.947;591
12.947;591
12.948;591
12.948;591
12.948;591
