1 81 46 47  
2 52 13 24  
3 55 15 33  
4 49 16 31  
5 45 17 25  
6 45 20 19  
7 98 43 50  
8 46 21 25  
9 55 22 22  
10 54 21 31  
11 116 57 47  
12 93 53 52
13 57 34 47  
14 54 21 42  
15 68 27 34  
16 81 47 54  
17 39 15 37  
18 46 22 38  
19 37 16 27  
20 41 19 21  
21 43 20 21  
22 58 20 30  
23 83 24 29  
24 53 20 39  
25 61 19 45  
26 49 15 32  
27 71 45 35  
28 53 31 34  
29 67 40 29  
30 53 29 32  
31 41 20 23  
32 38 20 28  
33 84 47 41  
34 45 18 39  
35 40 22 25  
36 74 39 46  
37 64 29 30  
38 73 61 48  
39 60 40 29  
40 69 29 27  
41 56 26 39  
42 33 16 27  
43 47 23 38  
44 32 26 22  
45 40 20 14  
46 72 33 37  
47 65 30 28  
48 62 26 17  
49 70 33 24  
50 34 15 25  
51 70 33 24  
52 63 46 32  
53 87 58 28  
54 52 32 22  
55 68 32 18  
56 42 13 16  
57 78 23 26  
58 97 41 29  
59 71 29 29  
60 33 19 32  
61 42 19 37  
62 33 18 29  
63 36 17 29  
64 61 35 43  
65 61 36 46  
66 45 31 31  
67 103 57 40  
68 64 47 39  
69 38 25 30  
70 32 22 27  
71 51 30 39  
72 58 40 43  
73 62 49 35  
74 89 58 38  
75 56 35 42  
76 68 36 30  
77 90 47 50  
78 69 45 42  
79 54 25 25  
80 45 24 39  
81 34 15 29  
82 50 28 26  
83 102 65 70  
84 99 59 63  
85 81 62 50  
86 43 22 28  
87 80 54 43  
88 40 16 43  
89 52 29 45  
90 58 39 44  
91 52 30 39  
92 63 49 35  
93 40 32 28  
94 104 59 57  
95 146 66 99  
96 97 56 75  
97 113 67 73  
98 98 73 52  
99 61 52 34  
100 41 27 26  
101 14 13 27  
102 26 11 30  
103 40 14 27  
104 59 24 37  
105 90 55 48  
106 82 60 45  
107 49 33 28  
108 26 15 22  
109 47 12 26  
110 42 12 28  
111 58 17 35  
112 51 19 27  
113 37 13 24  
114 52 21 39  
115 65 33 36  
116 101 53 57  
117 48 16 34  
118 47 22 32  
119 58 23 30  
120 60 16 35  
121 48 17 32  
122 45 12 27  
123 58 20 30  
124 51 17 28  
125 161 50 49  
126 127 57 105  
127 105 54 88  
128 88 40 48  
129 53 19 33  
130 50 16 25  
131 56 16 28  
132 38 14 25  
133 49 15 34  
134 53 12 31  
135 38 9 22  
136 45 14 34  
137 51 15 28  
138 61 17 40  
139 62 21 30  
140 51 18 28  
141 51 20 30  
142 47 17 36  
143 36 13 28  
144 33 14 20  
145 26 13 18  
146 55 13 24  
147 51 16 28  
148 48 19 32  
149 43 13 30  
150 51 14 29  
151 33 16 26  
152 58 22 37  
153 103 44 65  
154 97 43 53  
155 111 50 80  
156 53 22 39  
157 47 11 19  
158 48 13 27  
159 48 9 18  
160 51 10 21  
161 67 17 23  
162 106 24 26  
163 118 43 69  
164 77 39 44  
165 29 14 17  
166 33 12 15  
167 32 12 19  
168 34 13 22  
169 39 12 17  
170 46 16 22  
171 48 16 21  
172 41 11 15  
173 27 12 17  
174 45 14 20  
175 51 16 18  
176 67 24 36  
177 72 32 50  
178 64 43 39  
179 61 35 37  
180 62 40 29  
181 49 17 14  
182 52 25 16  
183 54 31 25  
184 40 16 17  
185 39 16 13  
186 40 14 13  
187 33 13 16  
188 43 15 17  
189 49 17 24  
190 27 13 19  
191 84 41 38  
192 63 23 21  
193 55 23 22  
194 53 24 21  
195 50 22 20  
196 59 24 20  
197 61 25 20  
198 49 27 23  
199 44 18 17  
200 38 13 12  
201 36 13 11  
202 30 11 9  
203 27 12 12  
204 24 14 19  
205 31 14 22  
206 25 11 19  
207 26 14 22  
208 34 22 25  
209 48 16 22  
210 75 38 34  
211 70 27 30  
212 47 17 33  
213 57 18 38  
214 69 23 32  
215 74 24 39  
216 57 24 35  
217 52 21 27  
218 55 22 29  
219 49 14 28  
220 50 19 22  
221 45 16 18  
222 58 15 24  
223 46 20 20  
224 34 11 8  
225 29 11 10  
226 32 13 21  
227 52 15 29  
228 33 18 14  
229 56 20 19  
230 60 28 37  
231 66 40 30  
232 44 20 17  
233 40 21 16  
234 42 19 13  
235 57 21 19  
236 65 20 17  
237 60 15 15  
238 56 15 12  
239 53 13 12  
240 62 15 20  
241 78 33 33  
242 61 23 27  
243 45 13 14  
244 30 11 10  
245 33 13 13  
246 37 16 18  
247 61 18 30  
248 30 14 13  
249 26 13 12  
250 24 10 11  
251 25 10 9  
252 31 12 14  
253 73 21 35  
254 73 23 28  
255 75 24 28  
256 80 25 40  
257 56 18 30  
258 69 31 27  
259 73 35 29  
260 67 29 37  
261 64 22 37  
262 35 18 19  
263 33 17 14  
264 57 18 18  
265 90 28 31  
266 30 13 13  
267 52 18 22  
268 47 19 22  
269 42 16 23  
270 38 13 24  
271 39 9 18  
272 32 12 22  
273 10 9 20  
274 49 10 37  
275 56 16 35  
276 38 15 37  
277 23 12 19  
278 57 30 37  
279 66 33 43  
280 50 19 35  
281 53 19 40  
282 67 28 29  
283 85 34 40  
284 60 17 34  
285 21 10 19  
286 15 11 16  
287 30 15 33  
288 53 17 24  
289 75 30 35  
290 120 51 59  
291 147 58 102  
292 83 38 43  
293 69 26 37  
294 53 24 29  
295 31 17 23  
296 37 13 19  
297 77 34 36  
298 68 34 34  
299 24 14 17  
300 28 14 22  
301 37 17 23  
302 69 28 34  
303 59 30 30  
304 55 22 21  
305 70 36 30  
306 87 48 45  
307 69 38 35  
308 110 60 57  
309 119 55 60  
310 137 42 44  
311 67 35 38  
312 54 24 29  
313 39 21 22  
314 50 18 21  
315 66 20 33  
316 86 40 50  
317 64 18 22  
318 89 23 30  
319 258 28 43  
320 500 11 20  
321 500 19 25  
322 108 30 30  
323 81 23 31  
324 62 20 24  
325 64 29 37  
326 110 37 39  
327 81 38 40  
328 62 33 34  
329 85 39 39  
330 76 31 45  
331 78 24 50  
332 63 24 29  
333 57 22 31  
334 82 24 25  
335 83 39 47  
336 62 22 40  
337 92 38 45  
338 127 53 82  
339 87 46 50  
340 65 25 30  
341 61 31 43  
342 99 38 42  
343 98 38 38  
344 126 49 77  
345 99 58 67  
346 61 20 40  
347 47 12 20  
348 48 17 23  
349 59 23 27  
350 52 14 24  
351 71 30 44  
352 56 18 26  
353 52 16 27  
354 48 25 35  
355 96 52 69  
356 84 48 42  
357 76 42 49  
358 53 28 38  
359 85 43 34  
360 77 40 43  
361 69 44 52  
362 74 25 34  
363 60 26 30  
364 30 18 35  
365 81 34 59  
366 77 34 36  
367 96 52 75  
368 82 49 53  
369 57 22 30  
370 37 18 28  
371 47 23 35  
372 53 27 32  
373 61 33 47  
374 54 36 49  
375 100 58 90  
376 62 35 48  
377 92 52 47  
378 72 36 48  
379 54 34 32  
380 85 50 45  
381 71 53 42  
382 72 55 44  
383 62 20 29  
384 74 31 35  
385 67 27 37  
386 55 20 30  
387 50 20 36  
388 46 24 44  
389 47 24 41  
390 69 29 35  
391 86 38 47  
392 50 31 35  
393 69 37 34  
394 72 34 38  
395 53 23 42  
396 38 17 21  
397 57 38 27  
398 41 26 27  
399 29 23 20  
400 67 48 28  
401 18 17 18  
402 29 20 19  
403 84 48 31  
404 91 46 31  
405 141 59 35  
406 68 36 28  
407 77 38 45  
408 79 39 28  
409 154 65 42  
410 91 58 54  
411 82 55 53  
412 65 52 42  
413 83 60 35  
414 49 34 34  
415 18 15 21  
416 61 48 32  
417 46 34 32  
418 50 38 33  
419 86 60 43  
420 127 64 67  
421 91 54 59  
422 52 44 34  
423 50 37 32  
424 43 24 34  
425 42 36 32  
426 50 35 29  
427 55 30 24  
428 59 31 30  
429 24 39 43  
430 63 52 45  
431 119 80 54  
432 66 63 44  
433 59 39 32  
434 70 38 48  
435 53 32 45  
436 62 50 36  
437 98 80 47  
438 99 73 63  
439 75 59 38  
440 32 21 24  
441 61 37 31  
442 70 58 36  
443 117 50 27  
444 115 54 45  
445 92 52 43  
446 88 57 57  
447 85 52 43  
448 65 57 39  
449 26 21 21  
450 78 42 35  
451 164 76 122  
452 191 93 120  
453 124 62 79  
454 119 62 69  
455 68 42 45  
456 87 54 47  
457 82 54 37  
458 63 52 32  
459 41 20 20  
460 34 11 24  
461 30 12 31  
462 73 17 23  
463 148 51 59  
464 97 39 40  
465 115 56 47  
466 86 61 47  
467 55 40 27  
468 108 43 69  
469 60 26 34  
470 76 30 39  
471 159 42 42  
472 62 26 47  
473 77 41 70  
474 55 25 39  
475 88 20 42  
476 97 46 42  
477 79 46 49  
478 65 39 43  
479 66 38 43  
480 51 30 43  
481 52 22 30  
482 107 44 54  
483 95 44 60  
484 130 60 108  
485 65 25 50  
486 62 30 47  
487 71 38 52  
488 40 25 30  
489 56 20 21  
490 162 20 37  
491 370 25 42  
492 298 53 53  
493 99 51 60  
494 84 54 59  
495 73 44 45  
496 67 24 46  
497 84 24 47  
498 24 46 67  
499 60 37 44  
500 64 37 47  
501 36 23 30  
502 138 57 99  
503 156 55 102  
504 62 33 43  
505 48 20 30  
506 71 39 31  
507 53 24 25  
508 32 17 18  
509 36 14 14  
510 31 15 17  
511 16 16 19  
512 37 13 16  
513 57 23 25  
514 64 22 23  
515 58 21 19  
516 78 22 25  
517 77 26 34  
518 79 33 42  
519 107 57 104  
520 71 36 47  
521 42 23 34  
522 50 21 31  
523 63 32 42  
524 42 17 23  
525 62 22 34  
526 44 22 32  
527 45 17 22  
528 52 27 29  
529 61 41 39  
530 79 52 50  
531 73 50 36  
532 65 35 34  
533 53 18 26  
534 49 22 31  
535 49 23 35  
536 52 22 30  
537 62 36 43  
538 31 20 33  
539 29 13 21  
540 30 14 17  
541 42 18 25  
542 31 16 22  
543 54 20 24  
544 36 13 12  
545 39 9 11  
546 44 11 15  
547 46 12 20  
548 46 16 20  
549 48 20 23  
550 53 26 44  
551 41 12 23  
552 24 19 27  
553 53 28 35  
554 34 14 21  
555 25 9 10  
556 33 13 14  
557 42 15 17  
558 36 26 20  
559 29 22 15  
560 29 14 14  
561 29 11 13  
562 22 10 12  
563 33 12 21  
564 24 11 17  
565 26 13 17  
566 63 31 29  
567 76 56 37  
568 58 25 29  
569 44 20 29  
570 61 32 42  
571 38 17 14  
572 29 14 11  
573 32 14 10  
574 34 11 7  
575 33 12 9  
576 27 17 10  
577 38 26 24  
578 61 22 32  
579 57 40 30  
580 56 27 24  
581 68 31 23  
582 67 36 25  
583 86 43 34  
584 77 24 29  
585 52 35 24  
586 28 20 12  
587 29 11 9  
588 38 9 9  
589 24 8 9  
590 54 9 15  
591 54 9 15  
592 85 32 29  
593 94 40 33  
594 74 38 29  
595 66 29 25  
596 63 33 30  
597 74 29 34  
598 36 30 20  
599 36 30 20  
600 16 7 9  
601 22 9 9  
602 21 10 8  
603 23 11 11  
604 31 16 16  
605 32 18 17  
606 50 18 21  
607 24 10 10  
608 39 17 17  
609 35 20 22  
610 32 16 25  
611 50 19 26  
612 32 12 25  
613 33 20 32  
614 48 15 29  
615 36 17 40  
616 61 33 29  
617 38 20 22  
618 31 10 14  
619 57 16 21  
620 62 28 35  
621 86 30 58  
622 65 19 34  
623 58 15 32  
624 74 28 35  
625 72 32 35  
626 74 29 40  
627 55 22 38  
628 50 18 43  
629 54 15 35  
630 61 19 40  
631 19 13 20  
632 23 11 18  
633 66 18 21  
634 93 31 46  
635 60 19 24  
636 60 23 35  
637 68 29 36  
638 72 27 39  
639 73 21 43  
640 43 11 19  
641 67 14 24  
642 63 13 33  
643 73 20 36  
644 83 39 46  
645 83 38 44  
646 56 19 33  
647 33 8 22  
648 34 11 15  
649 45 20 19  
650 52 23 26  
651 46 28 25  
652 22 16 19  
653 35 14 16  
654 39 16 15  
655 34 18 14  
656 31 16 14  
657 42 13 14  
658 41 20 29  
659 21 10 19  
660 33 13 14  
661 62 32 33  
662 69 50 44  
663 73 40 45  
664 54 23 27  
665 33 19 29  
666 52 12 22  
667 65 14 20  
668 113 36 41  
669 74 30 45  
670 55 20 34  
671 34 11 16  
672 50 12 21  
673 53 12 19  
674 51 13 19  
675 67 14 20  
676 75 25 39  
677 60 20 36  
678 47 16 30  
679 28 10 21  
680 43 14 26  
681 48 28 33  
682 67 23 45  
683 54 11 16  
684 67 15 18  
685 76 17 23  
686 75 19 30  
687 108 32 32  
688 106 33 38  
689 122 42 37  
690 131 31 33  
691 123 35 47  
692 53 12 28  
693 47 14 23  
694 64 28 45  
695 60 34 44  
696 50 16 32  
697 28 12 34  
698 75 28 49  
699 44 13 23  
700 46 11 14  
701 52 22 26  
702 39 25 34  
703 19 14 19  
704 43 23 18  
705 65 39 30  
706 30 19 29  
707 42 20 28  
708 52 21 32  
709 37 15 30  
710 41 23 22  
711 36 18 16  
712 40 21 22  
713 59 32 36  
714 68 17 19  
715 64 28 40  
716 56 26 28  
717 65 34 45  
718 48 20 37  
719 36 16 17  
720 57 25 32  
721 54 27 35  
722 59 23 25  
723 63 39 29  
724 42 29 33  
725 62 14 28  
726 162 39 43  
727 86 16 19  
728 500 45 33  
729 94 46 57  
730 55 23 26  
731 71 34 37  
732 64 30 30  
733 127 45 37  
734 48 22 33  
735 55 17 29  
736 90 47 68  
737 62 45 39  
738 71 51 47  
739 59 43 25  
740 26 18 24  
741 53 25 27  
742 38 25 22  
743 22 16 23  
744 46 28 37  
745 36 19 33  
746 47 22 25  
747 52 25 25  
748 60 26 29  
749 59 35 35  
750 67 29 36  
751 52 22 32  
752 55 30 31  
753 38 17 21  
754 48 31 29  
755 57 43 37  
756 57 43 30  
757 65 44 40  
758 62 33 29  
759 87 53 30  
760 32 26 20  
761 51 29 16  
762 24 15 17  
763 69 28 19  
764 52 34 24  
765 41 23 21  
766 19 14 22  
767 57 27 44  
768 40 25 35  
769 44 16 42  
770 53 17 22  
771 55 24 24  
772 54 27 24  
773 63 39 25  
774 36 26 25  
775 56 46 34  
776 48 30 27  
777 108 59 52  
778 65 27 37  
779 100 56 47  
780 97 48 47  
781 36 19 26  
782 70 33 27  
783 100 63 54  
784 91 65 44  
785 68 69 42  
786 47 46 24  
787 82 48 41  
788 46 28 33  
789 40 24 32  
790 44 26 34  
791 51 35 40  
792 74 51 35  
793 99 60 54  
794 75 60 42  
795 78 59 35  
796 57 53 30  
797 54 24 24  
798 72 52 40  
799 78 56 42  
800 54 55 29  
801 56 51 30  
802 53 55 27  
803 69 56 26  
804 81 39 31  
805 82 51 36  
806 99 65 46  
807 68 54 36  
808 111 53 36  
809 133 80 57  
810 142 70 56  
811 107 66 36  
812 69 34 30  
813 175 44 25  
814 135 62 78  
815 98 59 89  
816 121 65 97  
817 94 71 60  
818 90 89 47  
819 89 82 47  
820 70 70 37  
821 92 75 39  
822 58 56 33  
823 22 30 22  
824 20 21 22  
825 33 36 28  
826 29 23 30  
827 69 43 47  
828 89 46 40  
829 84 46 40  
830 55 25 39  
831 36 16 30  
832 40 21 37  
833 57 45 35  
834 96 63 52  
835 81 54 48  
836 127 77 73  
837 101 58 65  
838 92 72 48  
839 59 46 34  
840 30 24 26  
841 65 33 33  
842 72 27 57  
843 113 49 70  
844 98 54 77  
845 73 46 65  
846 122 61 76  
847 88 54 50  
848 92 68 49  
849 85 71 50  
850 79 75 49  
851 65 61 39  
852 19 17 20  
853 23 16 22  
854 66 43 34  
855 65 44 31  
856 29 13 29  
857 34 16 26  
858 16 17 20  
859 29 15 24  
860 101 30 45  
861 53 23 26  
862 66 29 35  
863 76 34 50  
864 64 35 44  
865 70 36 47  
866 57 42 32  
867 59 22 24  
868 63 20 24  
869 57 16 20  
870 73 20 27  
871 79 26 31  
872 108 33 54  
873 116 36 77  
874 74 22 29  
875 78 22 29  
876 75 21 32  
877 83 20 35  
878 72 26 39  
879 81 40 44  
880 77 33 35  
881 121 52 48  
882 116 44 53  
883 116 56 62  
884 62 33 41  
885 72 32 46  
886 84 48 47  
887 68 30 50  
888 52 27 30  
889 52 26 26  
890 53 31 34  
891 56 26 26  
892 61 22 22  
893 52 24 20  
894 55 20 25  
895 56 24 33  
896 53 21 31  
897 65 24 27  
898 29 14 24  
899 18 12 29  
900 34 14 25  
901 51 19 21  
902 60 28 31  
903 63 28 37  
904 62 27 33  
905 44 15 24  
906 39 12 27  
907 37 16 34  
908 29 13 34  
909 44 11 22  
910 59 13 22  
911 59 17 32  
912 30 13 25  
913 53 13 27  
914 42 13 23  
915 50 13 20  
916 49 14 20  
917 67 41 37  
918 72 36 34  
919 53 20 25  
920 55 26 28  
921 55 24 26  
922 55 24 22  
923 49 20 17  
924 46 15 16  
925 48 14 15  
926 47 16 15  
927 42 15 15  
928 44 14 19  
929 53 20 35  
930 35 19 23  
931 37 18 16  
932 45 17 17  
933 92 32 41  
934 76 39 29  
935 62 30 20  
936 52 33 17  
937 44 20 17  
938 60 20 25  
939 86 28 25  
940 93 35 40  
941 73 29 25  
942 70 23 22  
943 64 22 24  
944 55 17 19  
945 50 17 22  
946 51 25 29  
947 61 27 28  
948 61 32 32  
949 37 24 20  
950 37 18 13  
951 34 17 9  
952 31 20 8  
953 38 18 9  
954 48 17 14  
955 42 18 15  
956 29 16 15  
957 37 22 19  
958 36 20 19  
959 23 16 17  
960 50 21 33  
961 54 20 40  
962 31 12 22  
963 38 22 28  
964 39 17 19  
965 39 22 18  
966 54 34 27  
967 27 24 23  
968 60 20 32  
969 48 18 26  
970 62 25 30  
971 65 33 27  
972 68 30 27  
973 46 24 15  
974 44 25 17  
975 60 33 27  
976 65 33 33  
977 38 27 20  
978 32 22 13  
979 47 29 23  
980 36 28 17  
981 50 28 24  
982 58 31 29  
983 62 33 25  
984 65 29 35  
985 56 23 32  
986 47 14 15  
987 54 19 17  
988 74 36 31  
989 79 39 60  
990 77 40 38  
991 35 26 31  
992 53 21 32  
993 52 29 25  
994 54 24 29  
995 51 20 27  
996 42 20 18  
997 70 30 29  
998 58 28 35  
999 72 25 31  
1000 64 33 35  
1001 64 28 37  
1002 43 23 20  
1003 23 15 15  
1004 32 21 21  
1005 44 15 19  
1006 64 17 16  
1007 61 31 22  
1008 106 49 35  
1009 108 56 63  
1010 76 47 38  
1011 96 39 44  
1012 67 23 35  
1013 49 16 16  
1014 52 18 15  
1015 59 26 20  
1016 78 46 45  
1017 83 41 30  
1018 88 53 47  
1019 91 46 52  
1020 87 51 32  
1021 151 57 50  
1022 90 49 41  
1023 83 41 39  
1024 72 35 35  
1025 65 35 37  
1026 55 29 39  
1027 49 14 24  
1028 88 50 53  
1029 87 56 57  
1030 73 30 35  
1031 68 34 45  
1032 33 16 25  
1033 56 20 21  
1034 70 32 29  
1035 87 50 41  
1036 65 48 38  
1037 78 43 32  
1038 61 22 25  
1039 60 31 29  
1040 49 25 26  
1041 84 55 44  
1042 66 50 32  
1043 68 46 30  
1044 70 54 40  
1045 76 49 41  
1046 78 42 47  
1047 58 45 45  
1048 31 20 20  
1049 42 27 38  
1050 53 24 34  
1051 38 21 17  
1052 45 23 22  
1053 53 25 23  
1054 56 32 30  
1055 60 37 41  
1056 67 38 53  
1057 88 36 35  
1058 84 27 36  
1059 52 13 23  
1060 59 19 25  
1061 81 30 30  
1062 79 37 33  
1063 21 14 20  
1064 53 12 16  
1065 53 19 25  
1066 39 27 29  
1067 70 41 35  
1068 74 50 40  
1069 44 30 32  
1070 49 21 27  
1071 52 14 21  
1072 56 14 22  
1073 88 33 34  
1074 101 53 84  
1075 92 54 58  
1076 129 65 89  
1077 115 53 73  
1078 71 34 44  
1079 76 52 59  
1080 46 21 22  
1081 52 30 27  
1082 56 28 25  
1083 71 29 34  
1084 65 27 45  
1085 49 23 30  
1086 34 16 22  
1087 61 21 26  
1088 65 37 38  
1089 62 35 42  
1090 53 27 34  
1091 55 25 22  
1092 84 41 45  
1093 64 25 27  
1094 106 63 65  
1095 119 58 96  
1096 65 48 43  
1097 125 53 67  
1098 97 55 65  
1099 84 52 42  
1100 80 42 37  
1101 26 18 33  
1102 41 16 30  
1103 61 28 26  
1104 97 54 77  
1105 62 29 41  
1106 53 27 35  
1107 59 35 27  
1108 73 54 40  
1109 38 23 31  
1110 40 31 36  
1111 20 25 30  
1112 51 34 32  
1113 64 35 35  
1114 55 32 37  
1115 25 25 30  
1116 37 31 25  
1117 38 26 32  
1118 57 28 40  
1119 48 25 26  
1120 71 24 28  
1121 126 44 32  
1122 51 29 33  
1123 20 15 27  
1124 26 16 24  
1125 39 17 19  
1126 38 24 22  
1127 58 38 40  
1128 72 39 34  
1129 59 36 29  
1130 78 53 39  
1131 105 70 65  
1132 94 60 42  
1133 95 38 30  
1134 73 41 32  
1135 56 23 35  
1136 70 40 42  
1137 59 31 48  
1138 59 25 34  
1139 66 39 40  
1140 33 19 24  
1141 69 32 37  
1142 51 34 24  
1143 31 21 24  
1144 14 19 24  
1145 36 27 29  
1146 70 56 42  
1147 208 84 44  
1148 55 36 28  
1149 71 38 19  
1150 62 41 29  
1151 63 41 40  
1152 26 22 40  
1153 46 28 40  
1154 103 62 68  
1155 86 56 65  
1156 98 52 88  
1157 63 40 49  
1158 52 45 33  
1159 93 69 58  
1160 63 63 40  
1161 66 56 39  
1162 78 60 47  
1163 68 57 30  
1164 114 77 47  
1165 64 55 37  
1166 26 26 29  
1167 52 40 34  
1168 41 26 35  
1169 31 25 34  
1170 47 50 34  
1171 49 49 29  
1172 63 61 38  
1173 73 66 43  
1174 79 61 32  
1175 32 19 32  
1176 26 17 30  
1177 31 28 32  
1178 70 52 37  
1179 106 66 50  
1180 79 67 67  
1181 66 84 42  
1182 51 40 25  
1183 100 53 44  
1184 107 60 74  
1185 55 35 39  
1186 105 60 56  
1187 83 56 57  
1188 87 64 70  
1189 66 55 47  
1190 37 38 22  
1191 52 33 34  
1192 78 48 42  
1193 103 66 72  
1194 98 70 79  
1195 78 58 53  
1196 88 69 62  
1197 74 61 43  
1198 62 57 30  
1199 78 55 29  
1200 73 52 44  
1201 117 63 78  
1202 127 72 100  
1203 66 47 48  
1204 76 58 48  
1205 93 66 47  
1206 57 60 32  
1207 129 75 94  
1208 132 68 69  
1209 83 53 49  
1210 51 24 36  
1211 36 17 38  
1212 91 57 96  
1213 105 61 70  
1214 80 60 44  
1215 59 56 34  
1216 52 45 28  
1217 77 52 35  
1218 79 47 48  
1219 53 23 40  
1220 57 28 52  
1221 63 39 50  
1222 52 34 35  
1223 51 36 34  
1224 47 30 28  
1225 38 31 27  
1226 36 23 29  
1227 87 43 64  
1228 147 67 94  
1229 110 46 48  
1230 133 66 64  
1231 59 45 45  
1232 90 56 62  
1233 114 61 72  
1234 51 25 44  
1235 49 27 42  
1236 82 40 39  
1237 89 57 64  
1238 104 68 57  
1239 73 54 47  
1240 70 47 42  
1241 75 60 40  
1242 77 44 44  
1243 56 27 26  
1244 48 20 23  
1245 51 23 26  
1246 54 18 25  
1247 39 16 22  
1248 59 23 29  
1249 65 24 32  
1250 103 61 73  
1251 88 56 58  
1252 61 46 40  
1253 45 26 23  
1254 61 32 24  
1255 67 29 32  
1256 59 16 26  
1257 53 43 33  
1258 109 62 47  
1259 85 57 44  
1260 39 22 25  
1261 54 16 27  
1262 61 21 28  
1263 76 44 31  
1264 56 30 24  
1265 33 28 19  
1266 43 33 24  
1267 37 27 20  
1268 39 38 22  
1269 44 39 24  
1270 35 34 20  
1271 34 28 20  
1272 65 36 28  
1273 81 42 30  
1274 81 53 49  
1275 67 34 30  
1276 41 51 23  
1277 50 61 28  
1278 41 54 27  
1279 32 41 19  
1280 27 29 16  
1281 28 28 17  
1282 71 64 42  
1283 84 63 41  
1284 53 24 21  
1285 50 19 19  
1286 50 29 23  
1287 50 29 23  
1288 44 21 17  
1289 34 17 24  
1290 57 24 26  
1291 66 44 34  
1292 87 57 47  
1293 67 56 37  
1294 78 52 34  
1295 48 18 20  
1296 46 16 30  
1297 46 16 24  
1298 46 28 25  
1299 46 56 30  
1300 28 34 24  
1301 46 16 17  
1302 84 51 36  
1303 81 65 39  
1304 55 42 24  
1305 64 30 25  
1306 77 42 26  
1307 76 47 33  
1308 72 49 31  
1309 70 44 32  
1310 67 52 43  
1311 63 52 40  
1312 105 66 45  
1313 95 65 44  
1314 57 41 22  
1315 47 30 25  
1316 34 25 18  
1317 49 37 18  
1318 44 47 20  
1319 30 18 14  
1320 34 14 12  
1321 40 38 17  
1322 66 46 29  
1323 73 46 31  
1324 63 50 27  
1325 39 33 18  
1326 28 11 10  
1327 31 10 9  
1328 32 10 9  
1329 33 11 10  
1330 57 20 17  
1331 74 52 30  
1332 87 55 34  
1333 80 54 30  
1334 78 46 28  
1335 94 53 30  
1336 83 39 29  
1337 56 19 15  
1338 40 24 14  
1339 45 30 17  
1340 61 65 33  
1341 48 45 20  
1342 39 30 16  
1343 50 28 19  
1344 76 36 37  
1345 78 49 36  
1346 54 47 22  
1347 41 39 19  
1348 33 29 13  
1349 38 33 15  
1350 67 55 25  
1351 78 55 34  
1352 81 45 34  
1353 83 54 42  
1354 56 35 36  
1355 70 44 35  
1356 59 21 28  
1357 48 29 22  
1358 66 56 41  
1359 36 26 32  
1360 25 13 19  
1361 38 25 24  
1362 49 32 24  
1363 60 29 36  
1364 43 18 25  
1365 63 43 34  
1366 76 46 36  
1367 69 35 39  
1368 50 34 33  
1369 24 27 25  
1370 50 18 22  
1371 41 23 25  
1372 53 31 29  
1373 32 12 15  
1374 52 18 16  
1375 52 32 30  
1376 12 16 24  
1377 23 17 19  
1378 79 48 39  
1379 68 39 39  
1380 72 26 23  
1381 85 36 24  
1382 90 58 34  
1383 60 26 22  
1384 60 25 22  
1385 95 55 39  
1386 84 39 27  
1387 139 67 50  
1388 82 43 36  
1389 52 52 33  
1390 63 36 41  
1391 72 29 22  
1392 76 37 28  
1393 92 55 40  
1394 66 37 40  
1395 53 36 29  
1396 82 60 39  
1397 95 64 42  
1398 113 68 70  
1399 65 57 34  
1400 64 47 27  
1401 59 53 33  
1402 53 34 26  
1403 62 50 28  
1404 71 67 42  
1405 80 68 39  
1406 53 31 24  
1407 50 39 27  
1408 55 55 27  
1409 19 18 22  
1410 57 40 30  
1411 65 55 34  
1412 62 55 38  
1413 53 59 32  
1414 55 30 22  
1415 37 20 17  
1416 40 20 20  
1417 50 37 25  
1418 63 39 24  
1419 95 62 39  
1420 102 73 47  
1421 80 53 36  
1422 93 65 44  
1423 70 63 42  
1424 75 71 46  
1425 76 77 42  
1426 51 46 38  
1427 41 16 20  
1428 44 16 20  
1429 55 27 27  
1430 87 65 69  
1431 57 55 48  
1432 36 14 28  
1433 70 39 39  
1434 78 64 58  
1435 68 58 47  
1436 57 32 34  
1437 89 58 45  
1438 54 48 27  
1439 39 22 25  
1440 83 43 25  
1441 110 61 65  
1442 45 16 26  
1443 47 22 23  
1444 77 54 37  
1445 118 68 69  
1446 68 47 37  
1447 58 49 41  
1448 68 54 31  
1449 33 27 27  
1450 48 20 21  
1451 70 50 33  
1452 95 69 48  
1453 67 59 44  
1454 84 59 49  
1455 87 60 44  
1456 78 60 40  
1457 55 23 27  
1458 78 21 22  
1459 106 67 40  
1460 46 34 31  
1461 48 18 30  
1462 53 25 24  
1463 61 39 42  
1464 66 55 39  
1465 73 62 36  
1466 64 31 32  
1467 67 58 48  
1468 75 70 50  
1469 83 67 47  
1470 53 36 36  
1471 49 37 33  
1472 52 54 43  
1473 44 32 34  
1474 64 58 48  
1475 79 70 45  
1476 126 67 38  
1477 114 70 50  
1478 103 66 47  
1479 92 69 69  
1480 92 78 69  
1481 89 77 44  
1482 31 37 37  
1483 22 25 24  
1484 26 48 19  
1485 106 69 58  
1486 105 71 63  
1487 68 65 56  
1488 55 63 50  
1489 36 61 39  
1490 30 47 22  
1491 49 44 37  
1492 90 84 67  
1493 87 90 69  
1494 50 63 39  
1495 48 55 22  
1496 60 62 24  
1497 69 66 27  
1498 53 56 27  
1499 89 76 30  
1500 66 62 32  
1501 110 72 30  
1502 66 60 44  
1503 99 82 60  
1504 121 102 101  
1505 86 75 52  
1506 36 33 37  
1507 55 55 42  
1508 60 67 42  
1509 111 102 63  
1510 48 46 37  
1511 26 36 37  
1512 42 46 39  
1513 52 61 37  
1514 54 68 34  
1515 71 71 34  
1516 68 71 39  
1517 65 56 34  
1518 27 38 29  
1519 31 23 25  
1520 42 38 29  
1521 45 42 37  
1522 48 47 27  
1523 42 52 29  
1524 34 49 29  
1525 31 46 24  
1526 32 39 21  
1527 56 43 28  
1528 92 33 44  
1529 119 68 77  
1530 123 59 84  
1531 149 84 98  
1532 121 91 88  
1533 96 83 102  
1534 100 62 94  
1535 121 96 110  
1536 116 90 93  
1537 67 72 37  
1538 81 75 40  
1539 70 68 34  
1540 140 78 45  
1541 97 85 42  
1542 57 44 40  
1543 64 48 47  
1544 62 43 45  
1545 60 53 40  
1546 62 55 32  
1547 51 44 37  
1548 47 44 41  
1549 57 46 45  
1550 94 81 62  
1551 132 105 79  
1552 63 67 48  
1553 25 38 31  
1554 87 94 67  
1555 190 113 116  
1556 134 112 67  
1557 65 72 35  
1558 85 74 49  
1559 115 88 58  
1560 42 26 30  
1561 63 69 49  
1562 67 81 45  
1563 90 78 49  
1564 55 50 42  
1565 34 58 32  
1566 120 96 58  
1567 87 88 37  
1568 72 52 39  
1569 62 53 40  
1570 62 61 39  
1571 79 85 45  
1572 63 70 36  
1573 91 63 34  
1574 74 32 43  
1575 56 27 45  
1576 55 32 45  
1577 53 32 42  
1578 100 74 101  
1579 81 69 77  
1580 89 77 56  
1581 53 40 30  
1582 63 53 34  
1583 57 47 36  
1584 44 25 32  
1585 52 19 37  
1586 59 27 46  
1587 54 32 38  
1588 64 52 41  
1589 58 48 31  
1590 68 50 32  
1591 64 52 52  
1592 60 44 57  
1593 70 39 46  
1594 47 34 33  
1595 53 49 36  
1596 93 68 93  
1597 88 70 78  
1598 66 64 40  
1599 62 52 37  
1600 49 36 45  
1601 35 39 24  
1602 74 65 31  
1603 71 44 38  
1604 83 57 44  
1605 63 53 38  
1606 53 18 27  
1607 46 22 28  
1608 54 36 35  
1609 62 49 31  
1610 67 58 30  
1611 70 62 36  
1612 60 56 39  
1613 62 55 36  
1614 71 59 40  
1615 57 50 29  
1616 59 56 25  
1617 46 41 19  
1618 55 51 25  
1619 63 55 31  
1620 58 49 34  
1621 54 46 28  
1622 28 26 12  
1623 26 23 11  
1624 44 23 11  
1625 54 37 15  
1626 42 23 14  
1627 43 20 15  
1628 34 13 12  
1629 31 20 16  
1630 52 56 29  
1631 48 44 22  
1632 45 39 18  
1633 71 61 33  
1634 43 29 20  
1635 34 21 22  
1636 48 34 25  
1637 46 32 24  
1638 32 24 24  
1639 41 42 29  
1640 68 55 39  
1641 31 20 12  
1642 32 22 20  
1643 30 43 24  
1644 72 48 25  
1645 73 46 23  
1646 56 45 31  
1647 67 46 30  
1648 81 60 30  
1649 75 62 32  
1650 55 40 23  
1651 75 57 42  
1652 70 58 34  
1653 59 54 35  
1654 49 54 29  
1655 55 54 29  
1656 45 40 32  
1657 23 25 28  
1658 30 39 26  
1659 49 37 30  
1660 65 38 30  
1661 67 50 28  
1662 68 53 41  
1663 57 34 22  
1664 47 52 19  
1665 27 22 9  
1666 27 17 9  
1667 35 20 12  
1668 40 21 12  
1669 62 44 19  
1670 59 46 19  
1671 46 18 12  
1672 32 16 10  
1673 29 19 9  
1674 29 19 11  
1675 29 16 10  
1676 33 17 12  
1677 73 52 29  
1678 57 62 37  
1679 51 35 25  
1680 52 31 25  
1681 29 18 13  
1682 31 14 11  
1683 36 16 10  
1684 35 35 13  
1685 33 40 17  
1686 44 36 20  
1687 64 57 30  
1688 71 57 35  
1689 112 74 80  
1690 86 57 34  
1691 80 70 34  
1692 90 67 40  
1693 78 61 33  
1694 67 59 27  
1695 66 65 30  
1696 64 58 30  
1697 77 66 33  
1698 75 73 34  
1699 77 66 32  
1700 56 53 30  
1701 85 54 35  
1702 82 46 52  
1703 66 58 34  
1704 73 55 32  
1705 79 56 37  
1706 71 52 29  
1707 73 42 28  
1708 57 36 29  
1709 32 27 22  
1710 42 18 18  
1711 85 35 25  
1712 67 42 40  
1713 71 53 41  
1714 65 34 35  
1715 43 17 32  
1716 72 46 37  
1717 76 40 39  
1718 60 34 36  
1719 61 46 32  
1720 65 42 32  
1721 52 25 22  
1722 70 41 34  
1723 63 35 38  
1724 60 41 42  
1725 54 46 27  
1726 70 42 30  
1727 85 53 42  
1728 81 52 32  
1729 69 34 30  
1730 72 37 29  
1731 109 54 44  
1732 60 20 25  
1733 34 12 15  
1734 32 11 15  
1735 43 16 21  
1736 44 24 28  
1737 38 29 26  
1738 49 34 34  
1739 19 17 25  
1740 32 20 23  
1741 35 20 17  
1742 38 20 15  
1743 42 29 17  
1744 50 35 26  
1745 38 17 17  
1746 32 22 20  
1747 23 20 20  
1748 44 24 30  
1749 40 31 20  
1750 27 28 24  
1751 52 36 35  
1752 58 19 21  
1753 73 29 20  
1754 57 46 28  
1755 64 26 22  
1756 66 41 25  
1757 118 64 42  
1758 169 82 52  
1759 73 56 38  
1760 52 26 24  
1761 52 22 17  
1762 56 34 20  
1763 59 52 25  
1764 69 48 27  
1765 70 55 34  
1766 135 62 43  
1767 117 56 40  
1768 71 53 33  
1769 104 59 41  
1770 93 57 34  
1771 138 64 53  
1772 69 44 33  
1773 55 34 27  
1774 70 57 38  
1775 83 61 42  
1776 90 64 41  
1777 85 63 49  
1778 85 66 45  
1779 131 68 64  
1780 115 59 56  
1781 80 56 29  
1782 67 52 33  
1783 72 51 47  
1784 47 17 29  
1785 56 34 34  
1786 68 42 40  
1787 86 60 40  
1788 116 82 90  
1789 93 67 56  
1790 67 54 39  
1791 36 31 24  
1792 114 78 84  
1793 95 69 77  
1794 61 56 35  
1795 68 56 45  
1796 38 27 35  
1797 67 46 42  
1798 88 51 35  
1799 76 33 33  
1800 59 50 32  
1801 90 64 45  
1802 67 55 34  
1803 92 69 68  
1804 68 41 30  
1805 75 56 40  
1806 90 68 52  
1807 77 69 65  
1808 74 51 44  
1809 81 57 38  
1810 74 64 56  
1811 212 40 23  
1812 500 41 30  
1813 125 61 31  
1814 116 56 42  
1815 117 63 47  
1816 110 76 63  
1817 73 57 55  
1818 62 40 32  
1819 143 72 50  
1820 121 77 63  
1821 73 51 45  
1822 54 22 23  
1823 53 23 35  
1824 58 43 44  
1825 59 40 47  
1826 41 37 29  
1827 41 33 22  
1828 40 26 22  
1829 48 32 25  
1830 24 14 23  
1831 39 26 24  
1832 52 44 29  
1833 35 37 25  
1834 55 46 20  
1835 55 41 27  
1836 65 49 32  
1837 57 60 44  
1838 41 52 29  
1839 38 36 22  
1840 40 38 22  
1841 23 21 20  
1842 27 18 27  
1843 34 27 29  
1844 42 14 19  
1845 39 36 22  
1846 33 24 27  
1847 42 42 33  
1848 26 16 22  
1849 54 21 17  
1850 107 53 49  
1851 57 28 24  
1852 59 32 37  
1853 51 32 27  
1854 63 53 34  
1855 78 48 29  
1856 22 15 30  
1857 24 11 18  
1858 57 36 24  
1859 75 56 42  
1860 62 46 37  
1861 57 48 36  
1862 68 60 35  
1863 137 88 55  
1864 63 46 35  
1865 70 43 37  
1866 73 59 62  
1867 98 66 83  
1868 65 49 40  
1869 100 82 79  
1870 81 83 49  
1871 68 69 43  
1872 57 60 34  
1873 55 51 39  
1874 128 82 50  
1875 98 84 49  
1876 140 74 42  
1877 114 89 49  
1878 133 104 79  
1879 117 86 63  
1880 70 66 36  
1881 66 56 37  
1882 88 59 34  
1883 51 52 34  
1884 61 63 48  
1885 413 107 102  
1886 167 104 58  
1887 88 70 34  
1888 70 60 35  
1889 29 25 27  
1890 54 51 34  
1891 58 52 30  
1892 47 38 32  
1893 63 52 44  
1894 92 82 59  
1895 77 76 42  
1896 88 96 42  
1897 100 70 32  
1898 126 92 44  
1899 74 54 34  
1900 90 55 32  
1901 73 41 27  
1902 78 59 30  
1903 55 32 39  
1904 41 32 35  
1905 47 44 34  
1906 60 61 31  
1907 60 58 27  
1908 93 71 52  
1909 69 60 49  
1910 65 46 42  
1911 103 64 62  
1912 152 77 97  
1913 120 75 75  
1914 85 80 54  
1915 90 66 69  
1916 71 62 52  
1917 55 67 36  
1918 80 67 32  
1919 140 102 74  
1920 187 101 72  
1921 159 103 79  
1922 94 85 45  
1923 118 89 53  
1924 77 63 47  
1925 72 80 36  
1926 43 54 29  
1927 74 54 32  
1928 65 42 38  
1929 56 50 41  
1930 68 53 49  
1931 54 51 32  
1932 50 52 28  
1933 99 76 48  
1934 87 76 50  
1935 61 53 39  
1936 78 62 43  
1937 55 49 28  
1938 50 28 32  
1939 43 22 32  
1940 32 22 25  
1941 29 23 26  
1942 44 18 24  
1943 57 22 39  
1944 75 33 53  
1945 55 34 34  
1946 12 13 24  
1947 16 14 24  
1948 25 18 35  
1949 82 63 72  
1950 61 55 45  
1951 127 79 73  
1952 58 49 38  
1953 39 50 29  
1954 133 64 59  
1955 142 70 104  
1956 97 71 68  
1957 77 62 48  
1958 99 60 40  
1959 112 68 44  
1960 118 71 64  
1961 116 82 52  
1962 109 67 73  
1963 80 58 60  
1964 57 49 42  
1965 53 32 36  
1966 71 44 42  
1967 105 55 49  
1968 46 31 31  
1969 51 51 30  
1970 50 48 32  
1971 39 41 35  
1972 64 55 35  
1973 78 58 35  
1974 60 37 30  
1975 38 33 23  
1976 114 74 53  
1977 62 24 21  
1978 79 18 25  
1979 58 22 23  
1980 51 22 25  
1981 53 23 22  
1982 54 34 32  
1983 89 32 23  
1984 58 39 32  
1985 63 40 32  
1986 65 24 27  
1987 57 26 28  
1988 51 38 28  
1989 63 36 32  
1990 110 51 30  
1991 92 38 30  
1992 56 39 30  
1993 53 27 38  
1994 57 35 34  
1995 57 31 37  
1996 51 36 32  
1997 53 30 24  
1998 50 26 27  
1999 47 27 27  
2000 54 27 30  
2001 62 34 37  
2002 50 27 23  
2003 47 21 20  
2004 61 44 32  
2005 63 45 38  
2006 43 34 26  
2007 88 51 50  
2008 65 51 33  
2009 44 30 25  
2010 38 35 28  
2011 45 25 24  
2012 34 29 28  
2013 26 20 28  
2014 26 24 28  
2015 38 28 22  
2016 48 37 28  
2017 48 27 29  
2018 46 23 32  
2019 53 39 30  
2020 34 34 25  
2021 34 34 17  
2022 44 52 27  
2023 61 54 31  
2024 73 48 38  
2025 63 50 34  
2026 91 52 49  
2027 116 40 62  
2028 71 43 37  
2029 82 48 35  
2030 59 43 24  
2031 35 19 14  
2032 33 13 12  
2033 33 17 14  
2034 37 21 19  
2035 51 46 24  
2036 50 47 23  
2037 51 41 22  
2038 55 42 24  
2039 54 38 20  
2040 86 52 32  
2041 65 56 26  
2042 68 57 27  
2043 85 58 38  
2044 67 55 27  
2045 48 27 14  
2046 29 18 9  
2047 49 27 12  
2048 42 19 14  
2049 36 15 12  
2050 29 15 12  
2051 36 16 12  
2052 36 18 13  
2053 45 17 12  
2054 42 19 12  
2055 48 40 16  
2056 55 53 24  
2057 56 56 23  
2058 52 52 20  
2059 50 47 20  
2060 39 29 19  
2061 36 17 14  
2062 38 10 14  
2063 51 16 22  
2064 36 36 35  
2065 74 42 44  
2066 84 48 49  
2067 80 45 44  
2068 61 21 30  
2069 64 41 30  
2070 55 46 25  
2071 32 24 15  
2072 27 8 9  
2073 37 8 8  
2074 35 19 12  
2075 34 14 14  
2076 48 31 19  
2077 55 24 20  
2078 39 36 19  
2079 34 16 19  
2080 56 21 19  
2081 75 42 29  
2082 52 47 39  
2083 60 33 34  
2084 64 49 30  
2085 69 30 29  
2086 59 29 30  
2087 65 49 30  
2088 66 50 32  
2089 55 58 30  
2090 56 55 36  
2091 69 57 38  
2092 70 32 37  
2093 58 32 27  
2094 82 43 43  
2095 78 52 46  
2096 79 60 35  
2097 70 63 34  
2098 53 43 21  
2099 60 44 25  
2100 74 44 37  
2101 61 24 24  
2102 86 53 32  
2103 92 53 41  
2104 34 22 18  
2105 56 17 17  
2106 73 26 24  
2107 124 51 44  
2108 112 53 43  
2109 66 46 44  
2110 37 18 27  
2111 58 24 25  
2112 45 21 23  
2113 44 22 21  
2114 62 21 23  
2115 75 51 40  
2116 48 28 27  
2117 35 23 17  
2118 88 56 37  
2119 125 69 63  
2120 112 64 49  
2121 79 51 31  
2122 65 34 30  
2123 52 18 26  
2124 72 22 20  
2125 105 61 42  
2126 116 57 59  
2127 83 52 39  
2128 81 64 41  
2129 76 54 45  
2130 20 20 22  
2131 28 15 30  
2132 53 17 25  
2133 70 33 34  
2134 95 75 37  
2135 95 68 54  
2136 41 24 32  
2137 55 32 26  
2138 47 41 28  
2139 51 24 37  
2140 37 12 20  
2141 49 31 22  
2142 78 52 33  
2143 62 26 26  
2144 74 22 17  
2145 54 16 17  
2146 70 40 24  
2147 87 53 41  
2148 103 70 53  
2149 117 64 43  
2150 100 66 49  
2151 59 46 34  
2152 58 48 41  
2153 74 18 25  
2154 109 44 36  
2155 103 51 35  
2156 61 51 34  
2157 76 29 39  
2158 106 52 41  
2159 147 57 50  
2160 85 55 44  
2161 90 58 37  
2162 83 49 30  
2163 121 70 50  
2164 68 47 39  
2165 55 40 30  
2166 57 29 27  
2167 69 49 38  
2168 113 68 47  
2169 65 44 45  
2170 69 40 32  
2171 98 69 59  
2172 90 74 64  
2173 74 55 39  
2174 57 45 33  
2175 88 41 33  
2176 64 45 35  
2177 72 57 39  
2178 58 46 32  
2179 80 46 34  
2180 141 87 100  
2181 77 60 39  
2182 98 70 50  
2183 88 81 70  
2184 83 64 59  
2185 70 51 39  
2186 64 41 36  
2187 77 61 39  
2188 61 60 40  
2189 64 54 39  
2190 54 32 27  
2191 84 66 34  
2192 98 57 47  
2193 134 66 79  
2194 81 67 48  
2195 91 70 57  
2196 98 70 55  
2197 66 51 25  
2198 79 44 41  
2199 102 76 72  
2200 87 51 65  
2201 57 23 39  
2202 54 32 30  
2203 70 58 36  
2204 118 74 73  
2205 72 55 47  
2206 65 49 41  
2207 108 76 85  
2208 99 76 50  
2209 36 51 30  
2210 25 38 25  
2211 27 30 17  
2212 46 26 35  
2213 56 29 34  
2214 42 59 32  
2215 67 51 27  
2216 47 50 38  
2217 58 56 46  
2218 67 43 50  
2219 35 30 38  
2220 46 54 33  
2221 60 53 29  
2222 37 39 30  
2223 94 58 47  
2224 87 66 53  
2225 65 32 27  
2226 89 72 45  
2227 74 58 50  
2228 66 74 50  
2229 42 58 30  
2230 58 62 32  
2231 69 53 32  
2232 28 20 26  
2233 29 39 24  
2234 27 30 15  
2235 43 23 21  
2236 73 51 24  
2237 47 31 23  
2238 50 34 30  
2239 56 33 32  
2240 111 38 29  
2241 82 61 47  
2242 98 75 69  
2243 55 55 39  
2244 40 42 32  
2245 47 43 34  
2246 42 35 27  
2247 71 57 40  
2248 36 41 32  
2249 50 45 36  
2250 57 35 28  
2251 28 27 32  
2252 30 36 39  
2253 55 56 44  
2254 87 71 44  
2255 70 69 35  
2256 69 52 46  
2257 45 23 36  
2258 83 59 63  
2259 135 102 104  
2260 115 102 87  
2261 90 101 49  
2262 78 86 42  
2263 59 57 29  
2264 19 25 20  
2265 34 22 30  
2266 76 61 40  
2267 81 65 44  
2268 59 46 40  
2269 49 26 33  
2270 55 27 39  
2271 45 25 39  
2272 55 38 34  
2273 29 42 29  
2274 106 86 65  
2275 87 68 52  
2276 95 68 55  
2277 91 81 52  
2278 105 62 34  
2279 83 77 54  
2280 62 57 55  
2281 65 58 50  
2282 60 64 38  
2283 100 82 65  
2284 103 82 57  
2285 95 100 54  
2286 75 94 49  
2287 79 93 49  
2288 55 65 32  
2289 43 29 31  
2290 62 34 49  
2291 105 78 84  
2292 110 101 68  
2293 88 98 49  
2294 70 79 35  
2295 68 57 24  
2296 48 46 29  
2297 34 36 24  
2298 141 86 94  
2299 135 86 100  
2300 118 87 72  
2301 150 76 42  
2302 107 82 75  
2303 150 91 100  
2304 147 85 105  
2305 148 101 100  
2306 158 101 98  
2307 153 78 105  
2308 131 90 88  
2309 82 67 44  
2310 58 56 25  
2311 66 51 27  
2312 61 51 35  
2313 43 44 27  
2314 43 34 22  
2315 34 31 18  
2316 46 28 28  
2317 55 25 26  
2318 48 45 33  
2319 33 38 26  
2320 73 26 32  
2321 113 41 37  
2322 146 61 64  
2323 179 77 44  
2324 78 56 45  
2325 66 48 39  
2326 94 63 58  
2327 87 57 65  
2328 55 44 33  
2329 65 42 49  
2330 109 72 63  
2331 94 64 67  
2332 62 48 39  
2333 69 40 49  
2334 61 39 40  
2335 94 66 63  
2336 127 80 88  
2337 116 70 68  
2338 59 52 30  
2339 54 44 25  
2340 47 30 31  
2341 54 44 34  
2342 57 52 30  
2343 134 69 65  
2344 109 70 94  
2345 111 66 68  
2346 62 50 27  
2347 57 56 30  
2348 50 33 32  
2349 38 30 24  
2350 53 42 36  
2351 65 46 35  
2352 56 42 30  
2353 73 56 34  
2354 68 51 41  
2355 43 32 36  
2356 36 28 28  
2357 27 32 19  
2358 36 27 15  
2359 58 50 23  
2360 59 57 28  
2361 52 35 24  
2362 45 28 22  
2363 39 28 23  
2364 44 28 24  
2365 41 25 19  
2366 46 46 23  
2367 49 48 24  
2368 38 55 25  
2369 56 44 23  
2370 63 64 28  
2371 66 67 29  
2372 48 50 19  
2373 54 58 22  
2374 59 51 24  
2375 70 33 23  
2376 75 46 27  
2377 59 56 32  
2378 53 38 25  
2379 32 19 9  
2380 43 29 17  
2381 71 57 38  
2382 71 57 43  
2383 82 63 53  
2384 66 65 38  
2385 46 53 26  
2386 44 43 21  
2387 40 34 15  
2388 33 24 14  
2389 38 21 9  
2390 43 31 13  
2391 79 57 37  
2392 57 35 23  
2393 42 31 24  
2394 51 27 33  
2395 52 28 23  
2396 58 61 37  
2397 51 53 30  
2398 58 55 34  
2399 42 55 26  
2400 86 69 44  
2401 75 74 45  
2402 60 68 39  
2403 86 74 45  
2404 66 58 36  
2405 108 77 50  
2406 76 66 47  
2407 48 43 20  
2408 49 23 12  
2409 43 25 14  
2410 59 53 19  
2411 55 53 22  
2412 43 52 21  
2413 63 41 37  
2414 51 34 22  
2415 38 17 10  
2416 52 36 10  
2417 37 24 14  
2418 52 40 20  
2419 71 49 31  
2420 64 54 35  
2421 74 59 39  
2422 62 57 37  
2423 75 62 41  
2424 77 70 55  
2425 86 66 37  
2426 86 60 32  
2427 69 53 29  
2428 72 32 22  
2429 36 34 18  
2430 37 32 17  
2431 32 15 14  
2432 27 23 14  
2433 27 24 11  
2434 28 25 10  
2435 49 27 10  
2436 36 27 14  
2437 53 56 24  
2438 65 54 40  
2439 67 41 43  
2440 70 64 74  
2441 53 49 45  
2442 69 59 34  
2443 69 54 39  
2444 61 54 37  
2445 82 57 45  
2446 57 35 39  
2447 67 54 38  
2448 67 54 32  
2449 62 46 27  
2450 65 61 29  
2451 63 59 31  
2452 59 59 30  
2453 65 57 30  
2454 67 60 39  
2455 72 62 40  
2456 63 46 24  
2457 68 53 27  
2458 62 38 24  
2459 51 27 24  
2460 60 70 39  
2461 60 41 30  
2462 56 51 28  
2463 52 67 30  
2464 90 73 45  
2465 55 36 25  
2466 65 62 36  
2467 66 65 41  
2468 29 24 20  
2469 38 24 20  
2470 55 31 27  
2471 45 54 33  
2472 54 45 35  
2473 62 44 29  
2474 42 15 14  
2475 55 18 20  
2476 40 20 19  
2477 41 28 16  
2478 50 34 28  
2479 85 74 73  
2480 140 70 62  
2481 94 61 45  
2482 69 60 35  
2483 56 37 23  
2484 54 33 30  
2485 38 25 25  
2486 35 22 27  
2487 43 19 25  
2488 52 24 28  
2489 53 30 39  
2490 63 57 45  
2491 91 65 45  
2492 98 62 63  
2493 70 36 32  
2494 61 41 42  
2495 50 56 41  
2496 57 48 40  
2497 38 24 23  
2498 53 22 22  
2499 33 19 22  
2500 52 19 23  
2501 115 35 30  
2502 100 62 49  
2503 60 34 30  
2504 72 33 42  
2505 83 56 38  
2506 84 62 47  
2507 63 54 47  
2508 54 33 34  
2509 53 30 29  
2510 51 20 26  
2511 56 35 30  
2512 71 34 32  
2513 81 45 69  
2514 113 62 101  
2515 103 73 72  
2516 108 73 73  
2517 71 58 43  
2518 77 71 50  
2519 82 52 46  
2520 57 25 27  
2521 65 32 32  
2522 86 56 42  
2523 120 76 49  
2524 84 59 46  
2525 55 32 30  
2526 83 58 44  
2527 60 45 32  
2528 83 63 47  
2529 131 70 83  
2530 86 61 50  
2531 115 68 72  
2532 144 75 80  
2533 178 57 42  
2534 63 50 35  
2535 63 53 44  
2536 76 54 67  
2537 93 64 65  
2538 73 60 46  
2539 73 62 49  
2540 67 67 57  
2541 81 72 49  
2542 71 44 44  
2543 55 31 34  
2544 77 59 50  
2545 74 63 60  
2546 72 68 48  
2547 87 67 77  
2548 71 52 58  
2549 72 69 59  
2550 66 72 50  
2551 90 55 43  
2552 58 47 42  
2553 52 40 42  
2554 34 34 29  
2555 53 45 37  
2556 74 42 39  
2557 87 57 45  
2558 58 41 53  
2559 69 48 59  
2560 78 65 55  
2561 83 75 60  
2562 71 61 40  
2563 43 35 22  
2564 91 70 70  
2565 108 82 108  
2566 90 73 88  
2567 65 60 102  
2568 77 78 58  
2569 98 77 70  
2570 62 57 33  
2571 69 66 45  
2572 54 58 37  
2573 66 42 41  
2574 69 61 63  
2575 45 54 41  
2576 31 53 32  
2577 39 48 27  
2578 62 50 42  
2579 49 36 34  
2580 106 69 92  
2581 59 62 38  
2582 54 74 40  
2583 44 57 25  
2584 54 45 29  
2585 39 38 35  
2586 52 34 32  
2587 40 36 30  
2588 45 32 45  
2589 38 25 24  
2590 59 53 31  
2591 27 33 25  
2592 28 31 19  
2593 44 25 23  
2594 83 46 33  
2595 46 34 31  
2596 21 27 35  
2597 41 32 28  
2598 28 22 38  
2599 38 25 37  
2600 62 79 49  
2601 72 71 44  
2602 89 70 48  
2603 45 53 34  
2604 53 48 27  
2605 84 61 53  
2606 53 52 52  
2607 41 61 40  
2608 55 48 35  
2609 89 67 49  
2610 72 61 45  
2611 46 54 42  
2612 21 26 34  
2613 59 72 39  
2614 63 70 52  
2615 99 90 77  
2616 92 89 103  
2617 81 71 60  
2618 102 90 60  
2619 85 70 68  
2620 64 60 46  
2621 70 69 45  
2622 84 72 54  
2623 65 76 59  
2624 47 48 37  
2625 53 59 35  
2626 55 51 37  
2627 124 73 74  
2628 66 55 50  
2629 53 53 40  
2630 101 76 67  
2631 80 80 72  
2632 86 83 55  
2633 68 70 35  
2634 65 68 35  
2635 48 46 41  
2636 54 48 40  
2637 41 49 37  
2638 67 43 35  
2639 85 62 42  
2640 64 64 42  
2641 40 53 32  
2642 15 21 24  
2643 28 27 32  
2644 35 40 30  
2645 75 58 40  
2646 109 66 49  
2647 122 80 65  
2648 54 40 42  
2649 145 84 100  
2650 69 59 55  
2651 75 52 49  
2652 81 51 52  
2653 53 38 47  
2654 128 69 102  
2655 91 59 77  
2656 125 92 102  
2657 192 90 90  
2658 124 80 88  
2659 73 51 50  
2660 71 58 37  
2661 47 25 47  
2662 52 26 49  
2663 57 39 39  
2664 78 70 75  
2665 184 101 132  
2666 153 82 115  
2667 105 82 79  
2668 74 71 42  
2669 48 37 33  
2670 42 32 35  
2671 46 25 40  
2672 46 30 46  
2673 59 52 53  
2674 86 64 64  
2675 133 87 122  
2676 155 99 128  
2677 152 97 127  
2678 103 76 103  
2679 64 53 47  
2680 58 41 36  
2681 23 12 32  
2682 54 37 31  
2683 60 36 35  
2684 71 51 45  
2685 52 29 29  
2686 60 25 30  
2687 89 59 47  
2688 84 49 47  
2689 114 72 49  
2690 82 54 47  
2691 107 63 79  
2692 111 83 97  
2693 111 75 65  
2694 80 42 49  
2695 64 43 47  
2696 45 30 42  
2697 51 27 42  
2698 58 51 45  
2699 57 52 33  
2700 54 31 30  
2701 56 38 38  
2702 43 26 30  
2703 43 40 30  
2704 120 72 92  
2705 105 59 57  
2706 78 45 29  
2707 57 39 27  
2708 51 33 30  
2709 63 51 38  
2710 38 44 34  
2711 30 44 24  
2712 90 61 62  
2713 48 41 34  
2714 145 84 107  
2715 114 64 98  
2716 123 66 65  
2717 85 50 39  
2718 96 57 70  
2719 106 55 49  
2720 69 37 34  
2721 44 30 27  
2722 47 35 25  
2723 52 42 30  
2724 45 37 24  
2725 66 33 30  
2726 51 37 32  
2727 58 43 36  
2728 51 36 26  
2729 48 49 25  
2730 51 38 25  
2731 51 33 25  
2732 59 41 36  
2733 61 43 39  
2734 55 50 36  
2735 61 53 29  
2736 61 44 22  
2737 76 63 30  
2738 53 54 26  
2739 31 45 18  
2740 62 50 39  
2741 57 59 39  
2742 27 20 16  
2743 36 35 25  
2744 45 38 25  
2745 28 25 24  
2746 44 33 34  
2747 57 53 35  
2748 80 60 33  
2749 62 55 27  
2750 56 45 19  
2751 56 35 22  
2752 51 34 34  
2753 60 31 24  
2754 35 39 29  
2755 48 27 27  
2756 71 60 45  
2757 57 53 23  
2758 65 58 29  
2759 42 21 15  
2760 33 17 11  
2761 33 19 10  
2762 35 36 19  
2763 43 55 25  
2764 39 51 24  
2765 92 63 42  
2766 73 32 20  
2767 97 60 42  
2768 70 55 29  
2769 71 58 26  
2770 60 57 26  
2771 58 39 18  
2772 59 20 14  
2773 61 14 12  
2774 56 22 9  
2775 43 36 15  
2776 55 29 17  
2777 52 26 16  
2778 53 46 17  
2779 50 34 14  
2780 52 41 17  
2781 56 42 19  
2782 71 45 29  
2783 80 53 27  
2784 63 35 20  
2785 67 44 27  
2786 93 73 38  
2787 96 77 50  
2788 67 65 37  
2789 57 42 22  
2790 51 42 19  
2791 62 58 22  
2792 94 69 35  
2793 97 72 42  
2794 96 73 44  
2795 80 69 38  
2796 70 62 31  
2797 59 61 25  
2798 62 58 26  
2799 52 51 18  
2800 59 56 22  
2801 55 55 22  
2802 52 51 19  
2803 62 60 31  
2804 71 71 39  
2805 66 54 30  
2806 85 62 37  
2807 85 55 38  
2808 115 61 45  
2809 92 57 67  
2810 99 67 40  
2811 82 59 40  
2812 82 60 37  
2813 88 57 48  
2814 37 27 16  
2815 53 20 15  
2816 65 52 22  
2817 40 24 14  
2818 41 19 16  
2819 49 24 20  
2820 58 44 28  
2821 57 38 37  
2822 57 56 49  
2823 59 44 42  
2824 79 50 42  
2825 69 73 37  
2826 125 66 47  
2827 94 59 39  
2828 96 54 42  
2829 46 33 23  
2830 81 59 45  
2831 55 33 37  
2832 51 15 23  
2833 64 21 25  
2834 97 55 32  
2835 139 65 45  
2836 109 70 68  
2837 82 62 55  
2838 57 31 32  
2839 57 38 34  
2840 122 65 58  
2841 109 73 74  
2842 61 60 39  
2843 50 24 30  
2844 50 22 24  
2845 61 45 39  
2846 56 25 26  
2847 61 48 35  
2848 74 41 30  
2849 63 32 34  
2850 126 61 49  
2851 58 39 24  
2852 66 53 31  
2853 74 48 37  
2854 52 28 27  
2855 53 35 29  
2856 57 37 29  
2857 66 48 27  
2858 95 68 45  
2859 77 70 44  
2860 88 67 46  
2861 90 69 46  
2862 98 56 42  
2863 64 53 50  
2864 55 20 32  
2865 74 48 37  
2866 71 35 37  
2867 81 40 38  
2868 93 55 40  
2869 101 59 48  
2870 65 34 40  
2871 51 14 20  
2872 81 46 35  
2873 95 56 45  
2874 101 57 46  
2875 65 36 23  
2876 92 39 40  
2877 93 47 39  
2878 60 33 40  
2879 58 25 34  
2880 59 36 29  
2881 68 42 44  
2882 58 25 30  
2883 53 20 27  
2884 48 28 26  
2885 87 50 27  
2886 88 52 35  
2887 99 72 64  
2888 103 68 68  
2889 123 62 92  
2890 68 30 34  
2891 58 27 28  
2892 104 70 54  
2893 149 92 115  
2894 75 65 63  
2895 63 50 39  
2896 43 21 35  
2897 67 47 49  
2898 101 67 105  
2899 63 41 38  
2900 118 72 89  
2901 75 52 58  
2902 89 58 58  
2903 77 56 46  
2904 55 43 36  
2905 62 34 30  
2906 130 53 49  
2907 131 55 69  
2908 59 12 30  
2909 98 39 38  
2910 120 37 72  
2911 56 16 44  
2912 66 27 49  
2913 66 33 42  
2914 69 47 44  
2915 60 36 39  
2916 79 31 63  
2917 63 27 46  
2918 52 23 42  
2919 34 19 29  
2920 44 21 27  
2921 51 28 27  
2922 48 19 20  
2923 91 48 46  
2924 72 42 37  
2925 130 66 67  
2926 74 46 44  
2927 86 46 37  
2928 76 28 28  
2929 269 53 44  
2930 79 53 43  
2931 92 62 68  
2932 54 48 39  
2933 65 43 30  
2934 86 50 34  
2935 88 58 46  
2936 72 54 39  
2937 70 38 37  
2938 46 39 30  
2939 31 23 24  
2940 98 40 46  
2941 66 25 32  
2942 96 56 42  
2943 98 56 47  
2944 102 64 60  
2945 47 36 30  
2946 71 51 37  
2947 78 32 34  
2948 52 22 27  
2949 94 58 54  
2950 86 27 43  
2951 60 36 39  
2952 82 53 48  
2953 45 21 25  
2954 65 41 34  
2955 133 67 63  
2956 75 54 49  
2957 62 41 44  
2958 88 60 49  
2959 127 68 67  
2960 123 97 73  
2961 90 76 47  
2962 93 72 46  
2963 111 62 37  
2964 113 65 47  
2965 98 73 52  
2966 68 62 34  
2967 75 51 30  
2968 59 34 31  
2969 62 54 48  
2970 82 58 65  
2971 93 64 48  
2972 108 65 49  
2973 76 58 36  
2974 91 68 34  
2975 62 46 22  
2976 80 47 22  
2977 69 56 35  
2978 73 49 20  
2979 91 62 37  
2980 100 72 47  
2981 82 59 34  
2982 57 54 36  
2983 47 29 32  
2984 21 12 27  
2985 55 32 38  
2986 75 60 44  
2987 87 58 35  
2988 82 55 41  
2989 31 24 27  
2990 41 34 38  
2991 52 45 40  
2992 88 54 37  
2993 80 36 53  
2994 34 22 38  
2995 69 31 38  
2996 120 69 70  
2997 172 92 78  
2998 148 85 74  
2999 156 67 59  
3000 74 56 39  
3001 161 82 79  
3002 88 63 45  
3003 63 54 40  
3004 88 68 41  
3005 70 57 29  
3006 187 105 138  
3007 273 101 160  
3008 202 102 140  
3009 97 65 70  
3010 90 77 57  
3011 81 66 39  
3012 106 67 43  
3013 72 56 40  
3014 145 72 57  
3015 85 63 52  
3016 110 83 72  
3017 111 82 58  
3018 86 37 45  
3019 90 61 36  
3020 32 23 30  
3021 52 44 37  
3022 55 51 39  
3023 54 60 39  
3024 69 52 29  
3025 96 58 42  
3026 67 32 46  
3027 78 43 45  
3028 124 59 68  
3029 88 52 47  
3030 74 45 42  
3031 101 62 34  
3032 86 55 34  
3033 73 41 30  
3034 53 31 29  
3035 66 38 33  
3036 99 51 45  
3037 59 30 40  
3038 60 38 37  
3039 56 41 25  
3040 64 38 30  
3041 63 16 40  
3042 52 14 42  
3043 66 27 44  
3044 50 31 25  
3045 100 53 38  
3046 96 52 52  
3047 63 34 47  
3048 111 62 72  
3049 83 53 40  
3050 77 47 32  
3051 64 29 31  
3052 37 18 15  
3053 88 28 35  
3054 59 15 27  
3055 76 24 48  
3056 65 26 42  
3057 69 32 27  
3058 100 41 39  
3059 88 56 48  
3060 68 48 42  
3061 66 25 37  
3062 74 48 40  
3063 70 38 42  
3064 111 57 50  
3065 77 52 49  
3066 97 53 50  
3067 113 73 94  
3068 63 57 44  
3069 65 52 29  
3070 155 75 104  
3071 91 59 67  
3072 52 38 35  
3073 93 51 48  
3074 98 62 74  
3075 108 61 78  
3076 112 72 75  
3077 66 49 34  
3078 54 40 28  
3079 37 24 24  
3080 51 17 19  
3081 51 18 20  
3082 52 18 26  
3083 52 22 26  
3084 82 39 49  
3085 38 31 30  
3086 34 28 20  
3087 34 24 19  
3088 47 37 24  
3089 42 27 22  
3090 51 25 22  
3091 56 26 27  
3092 51 31 25  
3093 55 30 24  
3094 54 23 27  
3095 51 27 26  
3096 45 29 25  
3097 51 28 27  
3098 42 22 24  
3099 47 26 28  
3100 51 24 23  
3101 52 30 20  
3102 38 25 17  
3103 73 36 36  
3104 56 41 24  
3105 71 50 32  
3106 74 55 39  
3107 53 34 19  
3108 86 53 29  
3109 104 59 46  
3110 54 32 19  
3111 56 47 34  
3112 53 45 29  
3113 64 47 25  
3114 71 49 26  
3115 52 45 17  
3116 53 51 23  
3117 44 44 16  
3118 36 28 10  
3119 39 23 10  
3120 37 24 14  
3121 38 36 19  
3122 68 36 24  
3123 66 34 29  
3124 82 52 39  
3125 73 49 30  
3126 82 51 30  
3127 90 55 38  
3128 71 53 25  
3129 49 47 17  
3130 35 37 14  
3131 36 28 8  
3132 27 22 7  
3133 37 25 10  
3134 43 34 14  
3135 55 35 20  
3136 66 41 22  
3137 48 25 15  
3138 44 18 22  
3139 38 22 21  
3140 46 23 19  
3141 52 35 22  
3142 70 32 32  
3143 83 27 24  
3144 72 34 27  
3145 58 38 23  
3146 42 29 13  
3147 34 21 11  
3148 37 20 10  
3149 44 31 13  
3150 71 40 35  
3151 94 51 40  
3152 63 20 19  
3153 85 25 19  
3154 78 44 26  
3155 100 46 37  
3156 66 33 21  
3157 67 57 30  
3158 98 55 58  
3159 79 42 32  
3160 53 39 18  
3161 72 51 34  
3162 60 42 24  
3163 81 41 30  
3164 76 48 25  
3165 82 37 29  
3166 87 34 32  
3167 58 20 20  
3168 40 28 20  
3169 98 30 38  
3170 64 34 24  
3171 83 38 31  
3172 75 46 37  
3173 82 36 39  
3174 84 42 35  
3175 66 51 28  
3176 67 35 32  
3177 68 32 32  
3178 61 28 30  
3179 79 37 31  
3180 76 38 35  
3181 98 54 42  
3182 60 32 29  
3183 73 35 32  
3184 63 27 32  
3185 67 29 30  
3186 60 24 36  
3187 73 33 35  
3188 71 37 30  
3189 121 50 39  
3190 81 22 30  
3191 75 34 29  
3192 88 18 35  
3193 111 42 48  
3194 96 42 41  
3195 59 37 27  
3196 59 33 25  
3197 62 39 29  
3198 81 54 37  
3199 102 50 39  
3200 83 39 39  
3201 62 36 33  
3202 42 17 26  
3203 28 17 17  
3204 42 16 17  
3205 40 11 14  
3206 52 16 15  
3207 114 49 44  
3208 77 40 31  
3209 95 54 50  
3210 68 36 34  
3211 75 34 31  
3212 95 54 50  
3213 100 58 45  
3214 47 25 23  
3215 61 43 32  
3216 66 28 32  
3217 52 14 24  
3218 43 22 25  
3219 51 26 23  
3220 68 28 22  
3221 63 20 25  
3222 66 23 25  
3223 75 28 35  
3224 70 40 28  
3225 120 50 42  
3226 87 54 49  
3227 62 41 27  
3228 48 18 20  
3229 68 42 36  
3230 64 40 35  
3231 75 45 44  
3232 38 9 24  
3233 49 11 20  
3234 52 17 21  
3235 55 31 26  
3236 68 28 24  
3237 74 25 22  
3238 68 39 34  
3239 81 41 34  
3240 62 30 21  
3241 61 28 29  
3242 63 20 20  
3243 80 24 23  
3244 87 56 54  
3245 68 30 31  
3246 64 17 31  
3247 61 15 25  
3248 56 20 25  
3249 88 44 46  
3250 43 23 33  
3251 65 49 40  
3252 74 33 32  
3253 56 18 24  
3254 68 39 35  
3255 59 38 35  
3256 66 31 29  
3257 68 39 34  
3258 67 31 29  
3259 68 34 30  
3260 92 57 54  
3261 100 56 63  
3262 127 56 78  
3263 101 41 52  
3264 65 19 36  
3265 74 28 29  
3266 90 46 33  
3267 102 49 48  
3268 63 32 32  
3269 85 51 45  
3270 86 50 49  
3271 67 42 49  
3272 71 35 42  
3273 54 34 34  
3274 73 42 39  
3275 80 52 45  
3276 74 49 34  
3277 67 50 44  
3278 94 48 37  
3279 88 47 38  
3280 96 51 42  
3281 149 52 73  
3282 102 58 62  
3283 55 27 30  
3284 85 43 35  
3285 73 39 47  
3286 62 40 37  
3287 61 33 34  
3288 65 31 41  
3289 63 24 35  
3290 40 19 38  
3291 51 14 28  
3292 44 21 32  
3293 27 18 32  
3294 29 15 29  
3295 51 24 34  
3296 60 34 30  
3297 98 53 55  
3298 151 66 87  
3299 75 23 30  
3300 23 18 30  
3301 42 20 29  
3302 50 27 22  
3303 66 32 35  
3304 68 31 32  
3305 81 23 42  
3306 64 22 33  
3307 64 31 31  
3308 71 24 35  
3309 80 41 45  
3310 80 36 39  
3311 70 35 30  
3312 87 47 42  
3313 47 23 24  
3314 73 52 40  
3315 131 69 85  
3316 122 65 87  
3317 97 49 64  
3318 56 19 36  
3319 37 13 34  
3320 58 43 41  
3321 69 46 47  
3322 44 25 24  
3323 31 17 25  
3324 34 17 29  
3325 77 29 40  
3326 59 26 35  
3327 50 28 27  
3328 54 34 33  
3329 98 52 30  
3330 90 59 49  
3331 87 52 42  
3332 59 31 29  
3333 57 16 22  
3334 38 16 26  
3335 51 41 34  
3336 67 45 39  
3337 65 42 34  
3338 57 22 27  
3339 34 15 35  
3340 35 26 31  
3341 58 45 47  
3342 126 54 40  
3343 83 49 98  
3344 102 70 83  
3345 124 51 53  
3346 75 35 40  
3347 121 56 63  
3348 97 62 75  
3349 57 46 41  
3350 44 33 30  
3351 128 68 97  
3352 136 85 101  
3353 188 94 112  
3354 218 80 98  
3355 160 81 105  
3356 102 64 92  
3357 78 58 59  
3358 92 71 60  
3359 75 58 46  
3360 71 56 33  
3361 95 57 38  
3362 97 42 44  
3363 84 60 45  
3364 93 59 45  
3365 162 86 78  
3366 114 78 68  
3367 113 80 78  
3368 96 72 57  
3369 68 57 34  
3370 59 51 29  
3371 63 44 28  
3372 53 28 32  
3373 54 28 33  
3374 52 27 31  
3375 48 22 31  
3376 54 23 30  
3377 28 15 25  
3378 43 18 37  
3379 104 56 36  
3380 136 59 55  
3381 63 35 35  
3382 86 55 57  
3383 114 58 57  
3384 106 61 83  
3385 143 80 93  
3386 100 69 47  
3387 59 37 27  
3388 36 24 23  
3389 28 15 25  
3390 38 15 30  
3391 75 41 52  
3392 85 35 35  
3393 47 15 34  
3394 72 27 41  
3395 101 40 55  
3396 149 74 82  
3397 82 56 54  
3398 95 69 89  
3399 89 66 63  
3400 141 61 55  
3401 71 46 41  
3402 57 37 36  
3403 61 38 48  
3404 47 21 29  
3405 42 16 37  
3406 51 19 35  
3407 66 48 40  
3408 64 40 29  
3409 90 54 47  
3410 55 39 40  
3411 62 23 32  
3412 93 19 30  
3413 355 37 48  
3414 239 48 65  
3415 112 61 65  
3416 88 56 53  
3417 62 39 33  
3418 87 39 39  
3419 70 40 42  
3420 73 51 55  
3421 106 56 78  
3422 114 54 41  
3423 101 45 41  
3424 73 39 36  
3425 42 17 24  
3426 25 14 29  
3427 54 19 30  
3428 67 35 35  
3429 69 37 40  
3430 72 36 35  
3431 96 37 42  
3432 120 54 98  
3433 105 54 53  
3434 46 20 28  
3435 52 30 26  
3436 40 27 27  
3437 52 23 29  
3438 38 18 27  
3439 51 13 22  
3440 70 19 25  
3441 85 34 41  
3442 102 55 44  
3443 71 42 34  
3444 72 42 35  
3445 55 22 30  
3446 50 18 32  
3447 49 28 30  
3448 61 32 37  
3449 88 47 57  
3450 94 47 47  
3451 84 37 32  
3452 87 54 41  
3453 127 44 60  
3454 102 42 39  
3455 112 42 43  
3456 106 48 60  
3457 118 52 80  
3458 153 58 93  
3459 122 54 70  
3460 58 39 45  
3461 96 60 74  
3462 123 62 100  
3463 140 65 105  
3464 85 51 50  
3465 61 29 25  
3466 56 35 32  
3467 44 25 29  
3468 42 18 29  
3469 44 25 31  
3470 54 31 32  
3471 24 18 22  
3472 39 16 24  
3473 45 21 25  
3474 54 28 28  
3475 57 25 29  
3476 55 20 23  
3477 46 17 19  
3478 46 14 14  
3479 51 16 12  
3480 51 21 18  
3481 55 26 18  
3482 86 35 25  
3483 87 41 32  
3484 94 53 45  
3485 121 51 48  
3486 90 47 22  
3487 62 31 24  
3488 53 33 24  
3489 62 31 35  
3490 70 36 44  
3491 77 51 44  
3492 63 41 29  
3493 63 43 35  
3494 90 33 38  
3495 93 43 35  
3496 63 41 30  
3497 58 40 29  
3498 66 41 35  
3499 68 32 43  
3500 83 36 43  
3501 55 24 34  
3502 41 21 34  
3503 59 24 30  
3504 44 21 29  
3505 60 30 46  
3506 60 30 43  
3507 66 30 39  
3508 47 29 32  
3509 50 32 30  
3510 53 22 29  
3511 46 25 17  
3512 49 30 18  
3513 38 14 11  
3514 34 14 10  
3515 34 11 12  
3516 35 11 10  
3517 38 12 9  
3518 47 12 13  
3519 52 32 20  
3520 59 29 22  
3521 82 33 29  
3522 60 44 26  
3523 65 37 37  
3524 60 31 27  
3525 53 31 24  
3526 55 34 26  
3527 46 28 25  
3528 54 32 32  
3529 66 35 30  
3530 74 42 50  
3531 81 28 40  
3532 93 43 47  
3533 155 41 57  
3534 107 27 41  
3535 97 34 39  
3536 77 20 21  
3537 85 52 39  
3538 72 52 44  
3539 55 32 22  
3540 53 44 32  
3541 68 40 42  
3542 79 32 40  
3543 56 24 23  
3544 17 19 12  
3545 33 15 15  
3546 45 22 29  
3547 76 44 65  
3548 51 23 29  
3549 49 21 27  
3550 18 11 20  
3551 27 11 19  
3552 37 17 23  
3553 29 28 24  
3554 47 27 29  
3555 79 19 30  
3556 56 15 19  
3557 52 22 33  
3558 57 21 32  
3559 54 21 30  
3560 54 28 25  
3561 66 39 30  
3562 46 14 19  
3563 48 15 19  
3564 64 34 29  
3565 61 32 32  
3566 112 46 48  
3567 113 37 47  
3568 80 37 33  
3569 48 25 20  
3570 37 13 15  
3571 34 12 15  
3572 55 14 15  
3573 72 19 20  
3574 72 18 20  
3575 65 21 27  
3576 65 29 33  
3577 70 39 33  
3578 76 50 43  
3579 56 41 38  
3580 59 18 34  
3581 90 45 53  
3582 111 51 50  
3583 82 43 40  
3584 129 56 68  
3585 89 48 55  
3586 106 53 72  
3587 48 19 34  
3588 19 8 21  
3589 55 15 22  
3590 101 49 65  
3591 84 36 47  
3592 76 34 39  
3593 84 33 50  
3594 60 19 24  
3595 57 19 35  
3596 37 9 22  
3597 52 11 22  
3598 44 14 20  
3599 52 22 30  
3600 26 11 28  
3601 46 23 30  
3602 56 26 28  
3603 53 21 24  
3604 41 11 23  
3605 30 14 22  
3606 57 27 32  
3607 94 30 42  
3608 61 21 27  
3609 66 25 31  
3610 66 31 39  
3611 56 20 29  
3612 51 13 23  
3613 52 11 24  
3614 54 24 32  
3615 65 20 21  
3616 54 21 20  
3617 90 29 50  
3618 74 27 33  
3619 75 26 35  
3620 28 8 25  
3621 54 14 27  
3622 94 34 33  
3623 82 33 34  
3624 78 45 34  
3625 80 51 40  
3626 106 51 37  
3627 122 56 74  
3628 84 35 43  
3629 78 20 37  
3630 154 31 33  
3631 154 44 47  
3632 434 34 30  
3633 110 33 50  
3634 66 18 34  
3635 71 10 19  
3636 113 26 29  
3637 133 44 49  
3638 133 44 49  
3639 156 39 39  
3640 208 50 47  
3641 110 51 55  
3642 87 25 41  
3643 70 17 27  
3644 59 24 40  
3645 53 13 32  
3646 45 10 28  
3647 114 33 37  
3648 181 39 41  
3649 401 26 30  
3650 129 36 34  
3651 110 50 44  
3652 134 48 39  
3653 158 54 39  
3654 79 50 44  
3655 128 53 50  
3656 100 40 42  
3657 60 14 27  
3658 54 22 32  
3659 81 25 40  
3660 92 34 30  
3661 110 49 45  
3662 108 43 42  
3663 136 55 74  
3664 131 53 60  
3665 90 27 32  
3666 43 12 32  
3667 42 18 27  
3668 61 19 29  
3669 58 19 31  
3670 85 27 36  
3671 49 19 32  
3672 56 23 35  
3673 65 38 43  
3674 56 29 33  
3675 54 24 30  
3676 65 21 23  
3677 69 29 38  
3678 51 27 27  
3679 39 28 25  
3680 33 23 17  
3681 75 23 25  
3682 60 19 29  
3683 60 19 20  
3684 24 17 15  
3685 68 26 18  
3686 136 40 40  
3687 148 50 34  
3688 137 31 37  
3689 50 31 27  
3690 100 38 29  
3691 107 37 44  
3692 127 64 84  
3693 97 57 75  
3694 100 38 50  
3695 97 33 45  
3696 149 58 90  
3697 108 51 58  
3698 71 52 40  
3699 100 58 52  
3700 139 58 62  
3701 114 58 53  
3702 80 35 35  
3703 82 31 40  
3704 21 12 24  
3705 37 20 25  
3706 56 37 33  
3707 94 55 45  
3708 118 58 42  
3709 144 53 42  
3710 75 38 34  
3711 62 32 32  
3712 49 19 28  
3713 57 22 24  
3714 51 18 27  
3715 72 32 37  
3716 141 46 67  
3717 151 45 70  
3718 143 53 53  
3719 212 68 92  
3720 105 52 43  
3721 92 52 49  
3722 96 49 36  
3723 126 55 53  
3724 123 52 54  
3725 146 62 74  
3726 149 58 62  
3727 144 56 65  
3728 63 33 34  
3729 128 51 49  
3730 107 59 83  
3731 173 70 95  
3732 169 81 101  
3733 143 69 83  
3734 132 63 83  
3735 80 53 44  
3736 86 52 40  
3737 169 68 85  
3738 117 54 60  
3739 91 47 40  
3740 63 28 31  
3741 66 45 41  
3742 52 33 36  
3743 40 28 34  
3744 68 23 41  
3745 64 32 41  
3746 125 70 59  
3747 123 53 34  
3748 89 29 28  
3749 50 23 45  
3750 53 31 37  
3751 17 14 28  
3752 20 12 27  
3753 65 30 49  
3754 74 44 39  
3755 43 21 30  
3756 46 27 30  
3757 68 26 32  
3758 55 18 45  
3759 41 14 44  
3760 32 27 37  
3761 113 38 45  
3762 101 54 67  
3763 87 55 53  
3764 72 58 45  
3765 65 32 29  
3766 156 52 72  
3767 95 52 83  
3768 76 47 84  
3769 358 88 157  
3770 220 98 125  
3771 218 98 134  
3772 148 80 90  
3773 129 66 80  
3774 164 75 102  
3775 144 75 105  
3776 78 62 50  
3777 95 46 34  
3778 66 51 48  
3779 157 72 92  
3780 60 41 47  
3781 59 40 37  
3782 49 42 38  
3783 57 39 48  
3784 62 46 44  
3785 60 44 34  
3786 52 45 37  
3787 75 53 48  
3788 29 44 29  
3789 54 34 27  
3790 135 59 63  
3791 89 59 78  
3792 75 51 49  
3793 74 40 33  
3794 55 25 29  
3795 51 25 36  
3796 56 27 39  
3797 68 41 46  
3798 74 53 45  
3799 64 54 46  
3800 59 38 37  
3801 50 24 30  
3802 35 26 28  
3803 47 33 32  
3804 49 24 22  
3805 57 23 20  
3806 51 35 30  
3807 55 40 43  
3808 49 44 35  
3809 54 47 40  
3810 59 52 46  
3811 84 52 58  
3812 100 54 44  
3813 56 27 42  
3814 37 22 35  
3815 36 32 32  
3816 53 36 33  
3817 118 51 39  
3818 58 34 34  
3819 81 45 67  
3820 60 33 40  
3821 33 15 28  
3822 53 25 25  
3823 49 32 32  
3824 45 35 30  
3825 50 39 30  
3826 52 36 28  
3827 53 24 32  
3828 44 32 28  
3829 55 39 29  
3830 51 40 27  
3831 44 51 28  
3832 52 39 27  
3833 50 56 37  
3834 48 42 30  
3835 53 42 31  
3836 51 51 34  
3837 44 44 33  
3838 59 40 43  
3839 54 42 28  
3840 58 36 26  
3841 56 35 31  
3842 53 45 34  
3843 60 40 34  
3844 74 51 49  
3845 47 28 30  
3846 44 39 27  
3847 41 39 25  
3848 43 39 27  
3849 47 41 38  
3850 61 52 44  
3851 29 32 23  
3852 41 23 23  
3853 49 54 27  
3854 45 46 24  
3855 27 26 22  
3856 51 19 23  
3857 90 44 34  
3858 119 58 50  
3859 87 61 37  
3860 62 60 33  
3861 50 38 22  
3862 47 21 17  
3863 54 25 19  
3864 46 19 16  
3865 43 29 22  
3866 47 37 28  
3867 58 41 35  
3868 62 37 37  
3869 57 28 36  
3870 49 37 36  
3871 35 38 37  
3872 69 32 50  
3873 85 28 52  
3874 73 40 40  
3875 53 44 23  
3876 32 35 13  
3877 40 34 15  
3878 50 28 19  
3879 58 43 34  
3880 45 22 16  
3881 51 37 18  
3882 47 39 19  
3883 56 56 27  
3884 53 45 22  
3885 50 49 20  
3886 51 51 20  
3887 48 44 17  
3888 51 33 20  
3889 64 45 27  
3890 65 53 29  
3891 57 49 26  
3892 77 51 39  
3893 60 42 30  
3894 61 43 27  
3895 57 52 33  
3896 40 45 30  
3897 65 29 33  
3898 54 32 22  
3899 68 54 37  
3900 75 51 37  
3901 86 36 37  
3902 72 44 35  
3903 55 19 20  
3904 36 18 23  
3905 27 17 20  
3906 42 11 16  
3907 53 25 16  
3908 51 51 21  
3909 66 52 32  
3910 73 44 32  
3911 73 34 32  
3912 70 45 34  
3913 72 32 39  
3914 64 38 39  
3915 55 39 60  
3916 59 25 38  
3917 33 17 30  
3918 44 21 36  
3919 44 22 33  
3920 48 33 29  
3921 61 39 37  
3922 61 25 32  
3923 58 37 40  
3924 56 20 28  
3925 51 17 22  
3926 38 17 35  
3927 35 20 35  
3928 47 15 22  
3929 70 31 25  
3930 41 19 23  
3931 44 26 22  
3932 45 10 25  
3933 57 14 23  
3934 68 24 36  
3935 87 28 44  
3936 57 16 36  
3937 25 16 26  
3938 91 54 46  
3939 97 54 57  
3940 82 32 52  
3941 47 18 32  
3942 96 52 47  
3943 125 41 54  
3944 132 34 36  
3945 84 23 32  
3946 55 20 27  
3947 62 51 37  
3948 64 34 33  
3949 52 33 29  
3950 64 17 23  
3951 135 44 62  
3952 102 34 47  
3953 91 33 37  
3954 111 56 69  
3955 60 24 32  
3956 60 18 24  
3957 65 23 29  
3958 60 32 37  
3959 72 51 47  
3960 91 74 79  
3961 122 54 67  
3962 56 31 35  
3963 53 21 35  
3964 21 10 21  
3965 51 14 20  
3966 67 21 25  
3967 64 33 28  
3968 94 34 38  
3969 77 32 35  
3970 96 33 47  
3971 75 24 54  
3972 74 19 41  
3973 69 27 31  
3974 99 48 42  
3975 170 38 37  
3976 67 32 49  
3977 68 38 39  
3978 67 36 34  
3979 37 14 29  
3980 76 39 35  
3981 91 41 35  
3982 79 32 37  
3983 86 47 41  
3984 80 64 52  
3985 69 56 45  
3986 106 58 45  
3987 170 59 55  
3988 160 47 42  
3989 100 34 34  
3990 68 55 62  
3991 62 30 39  
3992 44 33 26  
3993 64 31 42  
3994 64 31 38  
3995 55 23 32  
3996 70 35 32  
3997 85 46 57  
3998 68 38 40  
3999 56 40 32  
4000 73 45 29  
4001 88 58 50  
4002 60 49 37  
4003 77 41 36  
4004 60 28 31  
4005 81 53 42  
4006 64 26 49  
4007 135 33 59  
4008 168 58 45  
4009 195 69 79  
4010 208 71 88  
4011 138 72 90  
4012 115 63 83  
4013 87 47 43  
4014 56 19 40  
4015 48 30 33  
4016 98 41 44  
4017 69 44 41  
4018 66 50 45  
4019 66 50 45  
4020 78 53 42  
4021 98 67 75  
4022 86 62 55  
4023 68 47 40  
4024 262 51 37  
4025 172 73 93  
4026 195 56 50  
4027 192 50 39  
4028 314 51 45  
4029 344 64 69  
4030 73 40 42  
4031 55 31 42  
4032 51 26 47  
4033 46 29 32  
4034 51 33 30  
4035 66 29 30  
4036 72 30 45  
4037 74 40 49  
4038 86 35 45  
4039 67 46 48  
4040 133 64 104  
4041 92 66 70  
4042 67 47 45  
4043 101 53 47  
4044 100 65 72  
4045 68 48 39  
4046 49 28 33  
4047 45 27 32  
4048 72 47 50  
4049 79 67 79  
4050 75 69 79  
4051 58 43 32  
4052 53 24 35  
4053 53 22 48  
4054 63 47 45  
4055 38 20 41  
4056 55 36 41  
4057 85 37 32  
4058 105 52 41  
4059 81 60 67  
4060 111 64 70  
4061 114 42 40  
4062 109 52 40  
4063 62 22 24  
4064 33 12 26  
4065 34 12 36  
4066 65 28 33  
4067 48 30 39  
4068 50 21 32  
4069 91 49 42  
4070 87 27 40  
4071 57 21 49  
4072 67 49 60  
4073 61 63 67  
4074 62 62 50  
4075 52 54 30  
4076 76 51 33  
4077 98 57 49  
4078 124 75 87  
4079 106 84 74  
4080 68 54 42  
4081 41 33 38  
4082 61 39 37  
4083 45 19 31  
4084 55 19 31  
4085 62 33 35  
4086 108 55 53  
4087 169 54 49  
4088 108 67 63  
4089 52 40 42  
4090 95 49 39  
4091 69 49 60  
4092 38 33 41  
4093 90 46 45  
4094 55 37 38  
4095 59 51 45  
4096 161 69 67  
4097 155 70 80  
4098 107 64 60  
4099 119 69 78  
4100 65 50 36  
4101 51 46 37  
4102 99 55 43  
4103 64 50 50  
4104 51 45 42  
4105 142 75 83  
4106 140 69 70  
4107 112 76 55  
4108 64 47 39  
4109 46 28 29  
4110 51 31 27  
4111 126 61 62  
4112 68 43 54  
4113 76 57 68  
4114 56 34 50  
4115 87 57 54  
4116 131 73 83  
4117 87 52 38  
4118 73 45 42  
4119 71 52 57  
4120 37 19 37  
4121 39 17 37  
4122 85 54 60  
4123 61 54 45  
4124 58 30 32  
4125 80 37 46  
4126 67 42 49  
4127 61 41 52  
4128 62 51 52  
4129 60 50 45  
4130 79 56 42  
4131 41 16 29  
4132 58 35 38  
4133 91 54 42  
4134 50 31 32  
4135 33 18 35  
4136 140 39 78  
4137 158 43 77  
4138 108 56 55  
4139 54 18 29  
4140 51 20 26  
4141 68 39 44  
4142 54 36 34  
4143 65 28 32  
4144 70 26 45  
4145 64 48 49  
4146 109 64 92  
4147 78 60 64  
4148 88 53 72  
4149 58 35 42  
4150 60 31 40  
4151 58 43 47  
4152 82 36 32  
4153 54 26 31  
4154 73 42 45  
4155 54 28 27  
4156 58 29 29  
4157 74 49 41  
4158 98 54 49  
4159 71 22 45  
4160 57 17 34  
4161 55 28 43  
4162 67 27 52  
4163 74 33 46  
4164 60 39 50  
4165 53 37 40  
4166 60 43 39  
4167 62 30 36  
4168 60 32 37  
4169 56 23 23  
4170 67 35 35  
4171 68 38 34  
4172 66 49 43  
4173 74 56 54  
4174 59 32 42  
4175 53 27 41  
4176 57 29 43  
4177 43 26 35  
4178 55 41 42  
4179 34 26 33  
4180 64 28 45  
4181 70 36 48  
4182 91 43 44  
4183 79 37 37  
4184 62 17 34  
4185 52 18 31  
4186 56 21 27  
4187 64 19 25  
4188 78 47 37  
4189 95 58 74  
4190 105 54 103  
4191 62 25 40  
4192 70 20 32  
4193 76 53 63  
4194 115 63 105  
4195 105 57 63  
4196 69 37 37  
4197 17 18 21  
4198 33 17 16  
4199 40 22 22  
4200 52 32 30  
4201 51 22 22  
4202 51 27 26  
4203 60 35 34  
4204 61 35 34  
4205 54 43 29  
4206 55 42 34  
4207 45 42 28  
4208 57 53 30  
4209 50 33 20  
4210 74 56 43  
4211 75 51 40  
4212 34 28 15  
4213 45 37 16  
4214 46 29 15  
4215 55 30 27  
4216 58 42 36  
4217 42 28 24  
4218 31 19 18  
4219 36 19 13  
4220 41 22 16  
4221 68 39 34  
4222 76 46 40  
4223 77 36 48  
4224 121 42 102  
4225 125 40 94  
4226 120 56 90  
4227 68 38 35  
4228 52 32 26  
4229 58 37 29  
4230 46 16 15  
4231 56 18 20  
4232 58 23 17  
4233 54 35 15  
4234 45 27 16  
4235 43 21 16  
4236 41 21 17  
4237 36 21 17  
4238 56 24 25  
4239 65 28 27  
4240 85 32 29  
4241 71 39 47  
4242 103 62 52  
4243 110 53 37  
4244 90 36 36  
4245 54 35 22  
4246 52 39 22  
4247 54 38 23  
4248 74 50 47  
4249 89 50 44  
4250 85 58 33  
4251 80 55 27  
4252 73 59 32  
4253 75 60 35  
4254 67 55 26  
4255 63 50 24  
4256 55 50 25  
4257 42 30 17  
4258 53 48 20  
4259 66 55 29  
4260 82 39 35  
4261 85 46 41  
4262 98 50 49  
4263 63 32 34  
4264 31 20 17  
4265 54 30 19  
4266 57 52 28  
4267 63 51 29  
4268 46 26 19  
4269 34 20 15  
4270 33 16 15  
4271 39 20 20  
4272 56 42 24  
4273 90 49 45  
4274 76 51 35  
4275 93 45 44  
4276 63 41 34  
4277 78 51 35  
4278 91 35 38  
4279 87 32 39  
4280 56 33 29  
4281 58 36 36  
4282 60 25 37  
4283 59 21 37  
4284 45 19 22  
4285 67 34 28  
4286 74 44 32  
4287 51 33 30  
4288 57 30 27  
4289 81 55 41  
4290 98 59 48  
4291 65 45 34  
4292 67 41 30  
4293 79 53 57  
4294 84 59 70  
4295 121 52 46  
4296 64 32 34  
4297 59 32 32  
4298 64 42 39  
4299 63 41 33  
4300 53 27 34  
4301 65 34 40  
4302 65 26 30  
4303 106 51 42  